frontend/src/assets/file/spot/d2.json
{"header": {"discipline":0,"disciplineName":"Meteorological products","gribEdition":2,"gribLength":97936,"center":98,"centerName":"European Center for Medium-Range Weather Forecasts (RSMC)","subcenter":0,"refTime":"2019-04-26T12:00:00.000Z","significanceOfRT":1,"significanceOfRTName":"Start of forecast","productStatus":0,"productStatusName":"Operational products","productType":1,"productTypeName":"Forecast products","productDefinitionTemplate":0,"productDefinitionTemplateName":"Analysis/forecast at horizontal level/layer at a point in time","parameterCategory":0,"parameterCategoryName":"Temperature","parameterNumber":6,"parameterNumberName":"Dew_point_temperature","parameterUnit":"K","genProcessType":0,"genProcessTypeName":"Analysis","forecastTime":66,"surface1Type":103,"surface1TypeName":"Specified height level above ground","surface1Value":2.0,"surface2Type":255,"surface2TypeName":"Missing","surface2Value":-9.999E-252,"gridDefinitionTemplate":0,"gridDefinitionTemplateName":"Latitude_Longitude","numberPoints":65160,"shape":6,"shapeName":"Earth spherical with radius of 6,371,229.0 m","gridUnits":"degrees","resolution":48,"winds":"true","scanMode":0,"nx":360,"ny":181,"basicAngle":0,"lo1":0.0,"la1":90.0,"lo2":359.0,"la2":-90.0,"dx":1.0,"dy":1.0}, "data":
[rows 27 to 53 of 181, columns 183 to 243 of 360]
273.9342,273.65295,273.52795,273.4342,273.3717,272.96545,272.6842,272.4342,271.84045,271.6842,271.59045,271.4342,271.8717,271.3092,270.02795,269.59045,268.3717,267.84045,269.21545,270.09045,265.77795,265.96545,267.34045,267.40295,263.40295,252.46547,238.55922,256.4967,258.15295,259.6842,261.40295,261.77795,265.3717,262.40295,259.6217,264.59045,263.5592,263.71545,261.8717,263.1217,262.8717,263.9342,263.71545,261.6842,262.09045,263.40295,258.1217,255.40297,256.5592,257.3717,254.93422,255.90297,263.96545,263.34045,265.6217,262.71545,262.8717,263.02795,263.77795,263.4967,264.21545
274.6217,274.4967,273.9967,273.65295,273.77795,273.6217,273.27795,273.02795,272.9342,272.46545,271.40295,271.46545,271.6842,271.4967,271.52795,270.59045,269.6842,272.1842,269.3717,267.8092,264.7467,268.3717,262.8092,253.99672,260.52795,264.3092,268.90295,267.77795,255.40297,257.52795,263.1842,266.1217,261.6217,240.49672,249.65297,257.5592,260.6217,264.4342,261.0592,260.21545,260.1217,262.52795,261.90295,260.8092,258.21545,262.40295,263.27795,257.3717,254.93422,256.09045,257.3092,255.62172,256.77795,262.77795,264.21545,263.4967,262.02795,261.6842,261.96545,262.09045,265.1217
275.02795,275.0592,275.2467,274.7467,274.27795,274.3092,273.96545,273.6842,273.52795,273.46545,272.90295,272.1842,272.1842,272.3717,271.8092,270.65295,271.02795,268.7467,269.8092,266.90295,266.3717,268.8092,264.3092,267.27795,259.52795,267.3092,269.71545,270.4342,259.27795,264.9967,262.02795,259.52795,260.34045,259.7467,256.27795,252.09047,240.77797,242.34047,248.15297,264.1842,261.4967,260.3717,261.15295,262.90295,261.77795,259.8717,259.59045,261.27795,260.59045,256.4342,258.9967,262.27795,262.34045,259.9342,264.77795,262.9342,262.5592,262.96545,264.3717,264.6217,267.3092
275.1842,275.65295,275.6842,275.84045,275.40295,275.0592,274.90295,274.52795,274.3717,273.9342,273.84045,273.21545,273.3717,273.0592,272.96545,273.3092,270.8092,268.09045,268.4342,269.65295,267.65295,267.77795,268.2467,260.59045,260.40295,275.02795,261.46545,256.46545,267.4967,273.9967,273.77795,274.59045,276.2467,276.4342,276.5592,272.65295,260.96545,255.80922,253.68422,260.46545,259.71545,254.99672,260.1217,263.6842,263.0592,263.1842,261.1217,260.6842,264.52795,263.46545,261.09045,260.6842,261.3717,266.02795,267.71545,262.65295,262.71545,264.59045,265.6217,264.6217,264.71545
275.7467,275.96545,276.1842,276.34045,276.15295,275.96545,275.59045,275.21545,275.2467,275.0592,274.77795,274.5592,274.15295,274.21545,274.21545,274.4342,273.02795,274.90295,274.1217,274.02795,273.09045,271.84045,268.27795,271.59045,274.1842,274.59045,275.27795,272.8092,275.1842,275.77795,276.52795,276.46545,276.15295,275.6842,275.65295,276.4342,274.71545,276.3092,277.09045,271.02795,256.2467,258.9967,259.46545,253.30922,260.46545,262.40295,260.5592,261.4342,259.6217,265.40295,261.52795,259.90295,263.02795,267.1217,266.7467,266.3717,266.02795,266.65295,265.77795,260.8092,263.27795
275.84045,276.1217,276.3717,276.59045,276.6217,276.65295,276.34045,275.9342,275.90295,275.8092,275.71545,275.84045,275.3717,275.40295,275.2467,275.2467,275.2467,275.40295,275.46545,274.90295,273.90295,272.4967,274.40295,276.34045,275.46545,275.71545,275.90295,275.8092,275.9342,276.02795,276.0592,276.02795,275.90295,275.46545,275.2467,275.3717,275.1842,275.6217,276.3092,276.21545,277.59045,270.02795,272.40295,267.59045,255.84047,252.71547,262.40295,261.5592,261.7467,259.1842,256.8092,261.9342,256.46545,261.15295,268.40295,265.71545,265.34045,262.6217,262.15295,265.02795,264.59045
275.84045,275.84045,276.5592,276.5592,276.90295,276.96545,276.9342,276.7467,276.9967,276.84045,276.40295,276.34045,276.3092,276.4342,276.34045,275.9967,275.84045,275.8092,275.8092,274.65295,274.65295,276.90295,276.0592,275.4342,276.27795,276.52795,276.9967,277.59045,278.6217,278.8717,278.9342,278.8717,278.4342,277.15295,276.0592,275.7467,275.4342,275.2467,275.1217,276.1842,276.5592,276.6217,272.52795,275.3092,271.21545,250.37172,252.30922,257.15295,258.9967,260.52795,259.96545,258.9342,263.9342,257.59045,263.84045,267.52795,265.3717,264.34045,262.40295,262.3717,261.2467
276.3092,275.77795,276.27795,276.71545,276.8092,277.34045,277.1842,277.4342,277.3717,277.3092,277.0592,276.9342,276.7467,277.02795,276.6217,276.52795,276.8092,273.9967,276.27795,277.2467,277.46545,277.46545,277.4967,277.9967,278.77795,278.8092,278.8092,278.9967,279.02795,279.02795,279.0592,279.02795,279.1842,279.1842,279.34045,278.90295,276.9342,275.4967,274.3092,274.6217,274.3717,277.09045,277.1217,277.9342,275.27795,272.90295,264.1842,263.09045,266.21545,262.77795,261.3092,259.9967,260.52795,268.65295,268.21545,270.09045,270.46545,269.4342,266.77795,263.3717,264.15295
276.8717,276.1842,275.7467,276.65295,276.9342,277.34045,277.6217,277.40295,277.4967,277.65295,277.5592,277.77795,277.77795,277.34045,276.7467,277.5592,277.8092,278.09045,278.4342,278.7467,278.8717,278.8717,278.77795,279.02795,279.09045,279.15295,279.1217,278.9967,278.9967,278.96545,278.9967,278.9342,279.09045,279.1217,279.1842,279.40295,279.4967,278.5592,274.6842,273.9967,274.65295,276.15295,276.84045,276.9342,275.65295,276.15295,275.21545,273.1217,265.3717,262.90295,260.6842,261.77795,266.46545,264.1842,266.4967,265.71545,266.5592,267.4342,268.34045,266.46545,266.34045
277.46545,276.8717,275.96545,276.59045,276.9967,277.3717,277.84045,278.0592,278.0592,277.96545,276.27795,277.71545,277.96545,278.15295,278.46545,278.52795,278.6842,278.65295,278.59045,278.7467,278.71545,278.7467,278.84045,278.90295,278.9967,278.96545,279.0592,278.9967,279.02795,278.96545,278.9967,279.09045,279.15295,279.21545,279.34045,279.6217,279.65295,279.2467,278.52795,277.02795,275.8092,277.8717,277.40295,276.21545,276.46545,276.84045,279.0592,274.1842,269.5592,260.7467,262.21545,267.40295,262.6842,268.8717,269.02795,268.34045,264.09045,264.27795,264.21545,261.59045,262.02795
277.8092,277.6842,276.8092,276.3717,276.9967,277.52795,277.6842,278.1842,277.84045,277.8717,278.2467,278.3092,278.40295,278.34045,278.3717,278.3717,278.59045,278.59045,278.6842,278.71545,278.77795,278.90295,279.02795,279.15295,279.15295,279.09045,279.0592,278.9967,279.09045,279.15295,279.1217,279.15295,279.3092,279.40295,279.4342,279.34045,279.15295,278.9342,278.46545,277.34045,276.52795,276.84045,277.8717,277.52795,277.77795,274.8092,277.15295,278.0592,272.1217,262.3717,262.3717,267.1842,265.8717,267.8717,266.5592,267.1842,263.15295,260.34045,262.4342,266.3092,264.34045
278.21545,277.9342,277.6217,276.96545,277.1842,277.46545,277.4967,278.0592,278.4342,277.9342,277.8717,277.96545,278.0592,278.0592,278.09045,278.21545,278.40295,278.4967,278.5592,278.84045,278.9967,279.2467,279.3717,279.46545,279.3717,279.4342,279.3092,279.21545,279.34045,279.3092,279.15295,279.1217,279.4342,279.5592,279.3092,279.09045,278.96545,278.7467,277.21545,276.65295,276.09045,276.5592,277.2467,277.46545,277.90295,278.3717,277.1217,277.34045,278.09045,275.96545,268.9967,258.09045,266.3092,268.15295,268.96545,268.8092,265.8717,261.90295,261.40295,262.02795,256.21545
278.52795,278.59045,278.2467,277.1842,277.15295,277.5592,277.02795,278.02795,278.3092,278.4967,278.09045,278.09045,278.0592,278.1217,278.27795,278.4967,278.5592,278.71545,278.71545,279.02795,279.27795,279.4342,279.52795,279.65295,279.59045,279.52795,279.52795,279.4967,279.40295,279.2467,279.15295,279.27795,279.46545,279.4967,279.21545,278.9967,278.8717,278.09045,276.4342,275.52795,276.0592,276.5592,276.8092,276.84045,276.84045,277.46545,278.34045,279.52795,278.46545,278.1842,274.96545,269.6842,261.8092,257.59045,264.46545,264.34045,264.3717,263.6217,267.1217,259.96545,254.71547
278.3717,278.4342,278.21545,277.6217,276.8092,277.0592,277.59045,276.8092,277.90295,278.4967,278.5592,278.3717,278.2467,278.27795,278.52795,278.4967,278.6217,278.71545,278.90295,279.1217,279.40295,279.52795,279.6842,279.90295,279.9342,279.84045,279.84045,279.6842,279.5592,279.59045,279.4967,279.46545,279.71545,279.6217,279.3092,278.9342,278.4967,277.3092,276.40295,276.02795,275.3717,276.7467,276.7467,277.21545,277.27795,277.71545,278.3092,278.90295,279.27795,277.9967,268.77795,266.2467,278.2467,269.0592,262.8092,261.4342,263.84045,261.90295,260.5592,264.6842,261.8717
278.59045,278.59045,278.3717,277.9342,277.21545,276.9967,277.34045,276.90295,276.46545,278.27795,278.52795,278.59045,278.3717,278.3092,278.4967,278.6217,278.84045,278.96545,278.9342,279.09045,279.6842,279.96545,279.90295,280.15295,280.3092,280.34045,280.15295,280.0592,279.96545,279.8717,279.8092,279.90295,279.7467,279.6842,279.3092,279.1217,278.6842,277.09045,276.2467,275.8717,276.02795,276.27795,276.6842,277.1842,277.34045,278.1217,278.65295,279.09045,279.0592,278.96545,278.77795,281.5592,276.90295,267.96545,279.59045,271.34045,265.1842,261.84045,267.6842,267.84045,263.40295
279.0592,278.96545,278.8717,278.3092,277.6842,277.1217,276.96545,277.46545,276.84045,276.77795,278.27795,278.0592,278.5592,278.4342,278.3717,278.65295,278.9342,278.84045,279.52795,279.3717,279.7467,280.4967,280.52795,280.52795,280.6842,280.84045,280.7467,280.7467,280.46545,280.3092,280.15295,280.2467,280.02795,279.71545,279.27795,278.90295,278.4967,277.46545,277.34045,275.8092,275.96545,276.3717,277.3092,277.96545,277.9342,278.5592,278.65295,279.4342,279.46545,279.02795,279.3717,280.46545,280.09045,269.02795,266.27795,276.21545,265.77795,270.6217,270.8092,269.6842,265.34045
279.6217,279.59045,279.40295,278.96545,278.1842,277.52795,277.46545,275.9967,277.4342,277.46545,277.34045,278.1842,277.96545,278.4967,278.65295,278.52795,278.6842,278.9342,278.8092,279.6842,279.77795,280.90295,280.71545,280.8717,280.96545,281.2467,281.34045,281.3717,281.1217,280.84045,280.4967,280.52795,280.4342,279.9967,279.2467,278.6842,278.8092,278.7467,277.65295,277.2467,276.3092,276.8717,277.34045,278.1217,278.2467,278.8092,279.59045,279.65295,279.71545,279.65295,280.0592,280.9967,280.46545,279.46545,274.1217,272.27795,266.1842,268.2467,268.1842,272.02795,265.5592
280.4342,280.09045,280.09045,279.59045,278.77795,278.0592,277.59045,276.71545,276.15295,277.59045,278.3092,277.71545,278.15295,278.34045,278.2467,278.3717,278.40295,278.52795,278.7467,279.15295,279.90295,281.09045,281.02795,281.4342,281.59045,281.8092,281.90295,281.8717,281.71545,281.3717,280.9967,280.6217,281.02795,280.40295,279.59045,279.1842,279.34045,277.52795,277.9342,276.9967,277.3717,277.59045,278.02795,278.3717,278.90295,279.4967,280.02795,279.7467,279.84045,280.46545,280.77795,281.09045,280.09045,279.4342,274.9967,270.6217,266.46545,270.7467,271.21545,267.7467,268.34045
281.2467,281.02795,280.71545,280.4967,279.6842,278.90295,278.40295,276.8717,276.27795,277.15295,277.90295,278.3717,277.6217,278.1842,278.8717,278.3717,277.9967,278.46545,278.77795,279.34045,279.9967,281.84045,281.77795,281.84045,282.21545,281.9967,282.15295,282.02795,282.09045,281.9342,281.40295,280.84045,281.21545,281.1217,280.34045,279.09045,278.15295,277.59045,277.3092,277.71545,277.4967,278.09045,278.40295,278.9342,279.6217,279.90295,279.59045,279.84045,280.3717,280.6842,281.21545,280.5592,279.6842,277.71545,275.5592,268.84045,270.1217,266.59045,269.3717,269.2467,267.9342
282.27795,281.96545,281.40295,281.1842,280.8092,280.21545,279.27795,277.3717,276.71545,276.8717,277.46545,278.3717,277.59045,277.34045,277.90295,278.15295,278.46545,277.9342,278.1217,279.65295,279.9967,281.77795,282.21545,282.3717,282.4967,282.40295,282.52795,282.59045,282.40295,282.4342,282.0592,281.6842,281.21545,281.8092,280.90295,279.34045,279.34045,278.71545,276.90295,279.4342,277.46545,278.0592,278.9967,279.65295,279.6217,279.9967,280.27795,280.3717,280.7467,281.1842,280.8092,279.6842,279.7467,273.6217,273.90295,267.59045,270.09045,268.96545,266.7467,267.8717,269.02795
282.71545,282.6842,281.96545,281.9342,282.02795,281.15295,280.2467,278.4967,276.8717,276.52795,277.34045,277.09045,277.3717,277.21545,278.4342,278.9967,277.7467,277.90295,278.65295,280.2467,280.65295,282.3092,282.1217,282.65295,282.90295,283.0592,283.02795,283.3717,283.1842,282.9342,282.8092,282.21545,281.7467,281.6842,281.8092,280.27795,278.27795,277.3092,276.8717,277.0592,277.6842,278.09045,278.8717,279.6842,280.0592,280.21545,280.2467,280.7467,280.9967,280.6217,279.84045,280.27795,280.3092,274.84045,276.1842,266.71545,267.9342,267.59045,266.02795,262.3092,267.34045
283.5592,282.8717,282.84045,282.9967,282.4967,281.71545,281.1842,279.15295,277.84045,276.9967,277.8717,277.77795,277.21545,278.3717,278.5592,279.1842,278.09045,278.40295,279.5592,280.6217,282.15295,282.71545,282.65295,282.9967,283.52795,283.0592,283.27795,283.34045,283.7467,283.4342,283.34045,282.90295,282.3717,281.77795,282.3717,281.4342,279.59045,277.96545,278.15295,277.1842,277.1217,278.15295,278.4342,279.21545,280.0592,280.21545,280.5592,280.90295,280.6842,280.3092,279.5592,279.5592,280.4967,274.46545,272.77795,266.21545,264.4967,267.21545,265.52795,264.15295,263.3717
284.1217,283.8092,283.96545,283.46545,282.90295,282.77795,281.5592,279.40295,278.40295,277.6842,278.40295,278.77795,279.0592,278.7467,279.3717,279.27795,278.27795,278.4342,281.1217,282.21545,282.4967,282.4967,283.0592,282.9967,283.1842,283.7467,283.8092,283.1217,284.4967,283.9967,283.96545,283.8092,283.34045,282.8092,282.3717,282.90295,280.8092,278.8092,278.1842,279.4342,277.59045,278.1842,278.5592,278.9342,279.65295,280.40295,280.6842,280.65295,280.6842,280.46545,279.8092,280.27795,280.71545,281.6217,268.27795,270.0592,272.09045,267.27795,260.3092,261.90295,265.3717
285.21545,285.4342,284.7467,284.15295,283.6842,282.84045,281.3717,279.3092,278.6217,278.77795,279.3717,278.96545,279.46545,279.1842,279.09045,278.7467,278.34045,279.3717,281.77795,282.3092,282.6217,282.4342,282.6842,282.90295,283.2467,283.77795,284.3092,284.0592,284.84045,284.8092,284.4967,284.5592,284.40295,283.71545,282.9342,282.4967,282.2467,280.2467,279.21545,277.5592,278.09045,277.7467,278.3717,279.1842,279.40295,279.7467,280.1842,280.4342,280.71545,280.5592,281.02795,280.8092,281.65295,281.15295,273.4342,282.46545,275.6842,269.34045,256.59045,262.1842,268.7467
286.3717,285.40295,284.9342,284.3717,283.84045,282.5592,280.7467,279.52795,278.7467,278.09045,278.77795,280.3092,279.21545,279.09045,279.52795,278.4342,279.7467,281.3092,282.4967,282.6842,282.4967,282.7467,282.90295,283.1842,283.4342,283.9342,283.9342,284.90295,284.71545,285.59045,285.02795,285.40295,285.09045,284.8092,283.4342,282.1217,281.77795,280.8092,279.1842,278.3717,278.96545,278.4967,278.84045,279.6217,279.59045,279.96545,280.0592,280.27795,280.52795,280.4342,281.09045,282.09045,281.96545,282.6217,283.2467,284.40295,282.1217,272.9342,263.02795,271.3092,273.40295
286.3717,285.65295,284.8717,284.0592,282.77795,281.8717,280.8717,279.71545,279.02795,278.9967,279.3092,279.21545,279.52795,279.27795,279.40295,279.84045,280.77795,281.96545,282.8092,283.1842,282.46545,282.52795,282.71545,283.52795,283.71545,284.1217,284.3717,285.40295,285.02795,286.3717,285.71545,286.09045,285.65295,285.40295,284.6842,282.34045,281.5592,282.52795,280.71545,279.3092,279.09045,279.02795,279.0592,279.40295,280.02795,280.40295,280.6217,280.46545,280.4967,280.71545,281.1842,282.09045,282.8717,283.7467,282.8092,282.2467,283.52795,273.4342,277.9967,267.40295,271.2467
286.7467,285.71545,284.5592,282.96545,282.4342,281.9342,280.96545,280.0592,279.3092,279.3717,280.15295,279.6842,279.27795,279.5592,280.40295,280.59045,280.9967,282.65295,283.0592,283.4342,283.3092,283.15295,282.84045,283.3717,284.0592,284.27795,284.9342,286.40295,285.46545,287.0592,286.59045,286.65295,286.2467,285.5592,284.4342,283.59045,281.6842,281.8092,281.9342,280.02795,280.15295,279.77795,279.09045,279.40295,280.15295,281.02795,281.02795,281.1217,281.02795,281.09045,281.3717,282.21545,282.9342,283.3092,282.77795,281.71545,277.4342,279.6217,271.9342,270.5592,267.3717
