frontend/src/assets/file/spot/d2.json
{"header": {"discipline":0,"disciplineName":"Meteorological products","gribEdition":2,"gribLength":97936,"center":98,"centerName":"European Center for Medium-Range Weather Forecasts (RSMC)","subcenter":0,"refTime":"2019-04-26T12:00:00.000Z","significanceOfRT":1,"significanceOfRTName":"Start of forecast","productStatus":0,"productStatusName":"Operational products","productType":1,"productTypeName":"Forecast products","productDefinitionTemplate":0,"productDefinitionTemplateName":"Analysis/forecast at horizontal level/layer at a point in time","parameterCategory":0,"parameterCategoryName":"Temperature","parameterNumber":6,"parameterNumberName":"Dew_point_temperature","parameterUnit":"K","genProcessType":0,"genProcessTypeName":"Analysis","forecastTime":66,"surface1Type":103,"surface1TypeName":"Specified height level above ground","surface1Value":2.0,"surface2Type":255,"surface2TypeName":"Missing","surface2Value":-9.999E-252,"gridDefinitionTemplate":0,"gridDefinitionTemplateName":"Latitude_Longitude","numberPoints":65160,"shape":6,"shapeName":"Earth spherical with radius of 6,371,229.0 m","gridUnits":"degrees","resolution":48,"winds":"true","scanMode":0,"nx":360,"ny":181,"basicAngle":0,"lo1":0.0,"la1":90.0,"lo2":359.0,"la2":-90.0,"dx":1.0,"dy":1.0}, "data":
[rows 81 to 107 of 181, columns 122 to 182 of 360]
296.9342,297.3717,297.8717,297.3717,295.71545,296.27795,296.90295,297.21545,297.2467,297.21545,297.52795,297.3092,297.4342,297.3717,296.96545,296.8717,296.46545,295.5592,295.71545,296.1217,296.59045,296.90295,297.52795,297.46545,296.65295,296.34045,296.3092,295.9967,296.09045,296.02795,295.71545,296.21545,296.4342,295.8092,295.90295,296.52795,296.8717,296.8092,296.5592,296.52795,297.1842,296.90295,296.8717,296.6842,296.02795,296.46545,295.8092,295.3717,295.21545,294.9342,295.1842,294.9967,295.02795,294.8092,295.40295,295.46545,295.40295,295.77795,295.8092,295.9967,296.8717
297.77795,294.7467,294.6217,290.6842,296.1842,296.3092,297.09045,297.3717,297.3092,297.27795,297.46545,297.6217,297.7467,297.3092,296.84045,296.46545,296.40295,296.21545,296.21545,296.9967,297.2467,298.0592,297.9342,297.71545,297.9342,297.96545,297.5592,297.27795,297.0592,297.09045,297.4967,297.71545,297.09045,296.9967,296.8092,297.09045,297.15295,297.09045,297.21545,297.46545,297.5592,297.27795,296.77795,296.9967,297.84045,297.34045,296.7467,296.77795,296.02795,296.1217,295.8092,295.9967,296.27795,297.0592,296.9342,295.71545,296.27795,296.15295,296.8092,297.46545,297.9967
297.3092,297.3717,297.4342,294.7467,297.1217,297.1842,297.15295,297.6217,297.6842,297.4967,297.4967,297.3092,297.71545,297.46545,297.6842,296.9342,297.0592,297.0592,297.84045,297.84045,298.09045,297.77795,297.71545,298.09045,297.77795,297.8092,298.1842,297.8717,297.96545,297.71545,297.7467,297.4342,296.71545,297.1217,297.34045,297.27795,297.27795,297.21545,297.46545,297.6842,297.7467,297.5592,297.6217,297.4342,297.71545,296.90295,297.59045,296.46545,296.8717,297.2467,297.59045,297.3092,296.90295,296.46545,296.59045,297.0592,297.46545,297.84045,297.6217,297.71545,297.59045
297.84045,297.6842,297.2467,293.09045,296.59045,297.3717,297.40295,297.34045,297.27795,297.4967,297.3717,297.34045,297.59045,297.65295,297.02795,297.3717,297.40295,297.4967,297.8092,297.71545,297.71545,298.15295,298.1217,298.34045,297.8092,297.6842,298.2467,297.90295,297.9967,298.1217,297.96545,297.4967,297.65295,297.9342,297.9967,297.8092,297.7467,297.9967,298.09045,297.90295,298.09045,297.34045,297.96545,297.8717,297.9967,297.8092,297.3717,297.0592,297.40295,297.9967,297.3717,297.9342,297.71545,297.9342,298.02795,298.02795,297.6217,297.9342,298.1217,297.9342,298.09045
297.34045,297.4967,297.1842,297.2467,297.1217,297.3092,297.7467,297.6842,297.52795,297.8717,297.1842,298.09045,297.8717,297.27795,297.27795,297.2467,297.40295,297.4342,297.7467,298.0592,297.96545,298.15295,298.2467,297.6217,297.46545,297.77795,298.21545,297.6217,297.40295,297.5592,297.8092,297.9967,297.6217,298.02795,297.9342,297.9342,298.21545,298.0592,298.2467,297.6842,297.27795,297.5592,297.40295,297.9342,298.0592,298.1217,297.71545,297.34045,297.46545,297.77795,298.0592,298.21545,298.3717,297.9967,298.27795,297.9967,298.34045,298.4967,298.09045,298.21545,298.15295
297.1842,297.2467,297.4967,297.4967,297.1842,296.40295,297.2467,297.3717,297.27795,297.34045,297.15295,297.4342,297.3717,297.3717,297.96545,297.4967,297.34045,297.21545,297.34045,297.52795,298.02795,298.2467,297.84045,297.3717,297.27795,297.27795,297.3717,297.46545,297.65295,297.84045,298.0592,297.6217,297.84045,297.71545,297.9967,297.71545,297.96545,297.96545,297.9967,297.59045,297.40295,297.71545,297.4342,297.5592,297.96545,297.9967,297.65295,297.52795,297.4342,298.2467,298.27795,298.21545,298.6217,298.65295,298.4967,298.52795,298.6217,298.71545,298.65295,298.3717,298.46545
297.15295,297.27795,292.5592,296.9967,294.65295,295.6217,297.27795,297.6842,297.9342,297.8717,297.8717,298.09045,297.77795,297.3717,297.65295,298.02795,298.1217,297.1842,297.34045,297.34045,297.4967,297.4342,297.90295,297.34045,297.3717,297.52795,297.46545,297.4342,297.6217,297.9342,297.77795,297.4342,297.8092,297.7467,297.71545,297.6217,297.4967,298.09045,297.6842,297.77795,297.52795,297.59045,298.09045,297.59045,297.46545,297.8717,297.9967,297.52795,297.90295,298.27795,298.59045,298.7467,298.6217,298.4342,298.84045,298.8092,298.46545,298.5592,298.6217,298.3092,298.2467
297.21545,295.15295,296.9967,297.09045,297.21545,297.46545,297.84045,297.52795,297.9967,297.77795,298.3717,297.90295,298.09045,298.1217,297.6217,297.6842,297.71545,297.65295,297.90295,297.21545,297.6217,297.6842,297.4342,297.46545,297.3092,297.34045,297.9967,297.52795,298.1842,297.77795,297.59045,297.90295,297.46545,297.65295,297.40295,297.0592,297.2467,297.3717,297.4342,297.52795,297.40295,297.59045,297.96545,297.4967,297.65295,297.59045,298.2467,298.27795,298.0592,298.6217,298.5592,298.52795,298.7467,298.84045,298.34045,298.2467,298.1217,298.5592,298.34045,298.65295,298.71545
295.8092,297.4342,297.3717,297.6217,297.46545,297.52795,296.9342,297.4967,297.8092,297.46545,297.46545,298.09045,298.15295,298.2467,297.77795,297.52795,297.96545,297.6842,297.7467,297.7467,297.77795,297.71545,297.40295,297.8717,297.46545,297.8717,297.59045,298.1217,297.90295,298.15295,297.52795,297.6217,297.27795,296.9967,296.90295,297.3092,297.40295,297.40295,297.34045,297.34045,297.4342,297.5592,297.90295,297.90295,297.71545,297.96545,297.90295,298.0592,298.21545,298.2467,298.6217,298.8717,298.2467,298.1217,298.27795,297.9967,297.9342,297.7467,298.15295,298.59045,298.21545
297.65295,297.0592,297.27795,297.4967,297.7467,297.40295,297.90295,297.40295,297.46545,297.8092,297.0592,297.77795,298.27795,297.8717,298.15295,298.27795,297.65295,297.8092,297.8717,297.7467,297.34045,298.1217,298.3092,297.96545,297.52795,298.1217,298.2467,297.96545,298.09045,298.4967,297.5592,297.6217,297.77795,297.52795,297.59045,297.3092,297.15295,297.1217,297.3092,297.4342,297.6842,297.46545,297.71545,297.8092,297.8092,297.8717,297.71545,297.6842,298.27795,298.09045,298.40295,298.09045,297.8092,298.1842,298.02795,298.02795,297.90295,297.9342,297.90295,298.3092,298.5592
297.3717,297.90295,297.2467,297.6217,297.77795,297.71545,297.5592,297.52795,297.77795,298.15295,298.3717,292.59045,297.1842,298.15295,298.1842,297.8717,298.15295,298.02795,298.1217,298.02795,297.77795,298.15295,297.84045,297.77795,298.09045,298.0592,298.21545,298.3092,298.21545,298.3092,297.65295,297.40295,297.5592,297.46545,297.27795,297.3092,297.09045,297.21545,297.4967,297.84045,298.1842,297.65295,297.77795,297.71545,297.9967,297.90295,297.6217,297.59045,297.6842,297.71545,297.8092,297.9967,297.8092,298.1217,297.71545,298.15295,298.3717,298.1217,298.65295,298.4342,298.6217
297.1217,297.52795,297.5592,297.2467,297.3717,297.6842,297.5592,297.34045,297.34045,297.52795,297.52795,298.1217,299.0592,297.71545,298.02795,297.77795,298.7467,298.02795,297.77795,298.09045,297.96545,297.46545,298.1842,297.8092,298.1217,298.34045,298.3092,298.15295,297.8092,297.84045,297.59045,297.2467,297.21545,297.2467,297.71545,296.9967,297.21545,297.34045,297.9342,297.5592,298.09045,297.90295,298.21545,297.96545,297.65295,298.0592,297.90295,297.46545,297.96545,298.2467,298.3092,297.46545,297.4342,297.9342,298.1217,298.6217,298.52795,298.5592,297.90295,298.6217,298.77795
295.52795,297.1842,297.40295,297.59045,297.9967,297.9967,297.3092,296.3092,298.27795,297.8092,297.59045,298.6842,297.8717,297.34045,298.46545,297.27795,298.1842,298.59045,297.71545,297.52795,298.5592,297.96545,297.84045,297.8092,298.02795,297.5592,297.8092,297.46545,297.77795,297.8717,297.52795,297.6842,297.40295,297.21545,297.1217,298.02795,297.52795,298.0592,297.8092,297.9342,298.1842,298.0592,298.21545,298.3092,298.40295,297.77795,297.84045,298.15295,298.2467,298.8092,298.21545,298.6217,298.21545,298.7467,298.6842,298.65295,298.2467,298.46545,298.5592,298.65295,298.4342
296.27795,297.8092,297.4342,297.59045,297.84045,297.65295,297.52795,297.52795,297.5592,297.65295,297.6842,295.65295,297.8717,298.71545,290.3717,282.34045,283.6217,287.5592,296.02795,296.8717,298.52795,299.59045,298.1217,297.7467,297.96545,298.1217,297.6217,297.4967,297.5592,297.59045,297.9967,297.65295,297.3717,297.3092,297.2467,297.4342,297.7467,298.0592,297.9967,298.15295,297.90295,298.2467,298.3092,297.84045,298.5592,298.27795,297.9967,298.40295,297.9967,298.65295,298.6842,298.59045,298.1842,298.84045,298.59045,298.0592,298.1842,298.46545,298.3717,298.5592,298.21545
297.1217,297.15295,297.3717,297.59045,298.1842,297.71545,297.9967,297.4967,297.71545,297.5592,297.52795,297.52795,297.6217,297.71545,297.6842,297.71545,298.9342,298.2467,298.2467,287.90295,293.09045,290.8717,296.77795,298.1842,297.40295,297.90295,296.1842,297.77795,297.52795,297.77795,298.09045,297.4967,297.6217,298.0592,298.0592,297.6217,297.52795,297.90295,297.3092,297.90295,298.4967,297.71545,297.8717,298.8092,298.5592,298.40295,298.71545,298.2467,298.46545,298.4967,298.4967,298.40295,298.6217,298.4967,298.77795,298.8092,298.71545,298.09045,298.1842,298.71545,297.9342
297.2467,297.46545,297.3092,297.27795,298.21545,297.40295,297.6217,297.9967,297.90295,297.9967,297.6842,297.71545,297.8092,297.34045,297.65295,297.3092,297.65295,298.65295,298.2467,299.65295,298.84045,292.40295,286.52795,289.40295,294.9967,295.02795,297.52795,297.8717,296.3092,297.6842,297.21545,297.4967,298.02795,295.21545,297.7467,297.84045,298.09045,297.8717,298.34045,298.2467,297.9967,297.9967,297.7467,297.71545,298.2467,297.9967,298.65295,298.2467,298.46545,298.34045,297.84045,298.46545,298.9967,298.15295,298.65295,298.9342,298.96545,298.5592,298.1217,298.1842,298.8717
296.9967,296.7467,297.1217,296.65295,298.21545,297.59045,297.7467,297.77795,297.8092,297.8717,298.09045,298.1217,297.8717,297.7467,297.5592,297.40295,296.9342,299.6217,299.3717,298.9342,298.3092,298.09045,298.27795,297.6842,288.0592,297.3092,296.52795,296.6842,297.09045,297.40295,297.4342,297.52795,298.21545,297.8092,297.9967,296.6217,297.84045,298.3092,297.96545,298.3092,298.27795,297.96545,297.4967,297.9342,297.71545,297.9967,298.4342,297.71545,297.8717,297.9342,297.8717,298.1217,298.84045,298.34045,298.8717,299.0592,298.65295,299.15295,299.09045,298.5592,298.5592
295.3717,297.2467,296.5592,297.0592,297.4967,297.6842,297.4342,297.77795,297.6842,297.7467,297.8092,297.84045,297.77795,297.7467,297.6842,297.9342,297.90295,297.1217,296.5592,296.59045,298.59045,298.15295,297.3717,297.9342,297.90295,283.8717,296.52795,296.6217,296.3092,296.1842,297.09045,297.6842,298.1842,298.4342,298.5592,296.96545,297.77795,298.46545,298.2467,298.09045,297.9342,297.9967,298.09045,298.15295,298.65295,297.90295,298.02795,297.8717,298.02795,297.52795,297.9967,298.02795,298.02795,298.5592,298.8092,298.8717,298.71545,299.0592,299.1842,298.1217,298.90295
297.0592,297.65295,297.4342,295.6217,297.1842,297.15295,297.40295,297.46545,297.6842,297.59045,297.6842,297.6217,297.8717,297.5592,297.4342,297.6217,297.2467,296.90295,296.8717,296.6842,297.52795,297.21545,297.8717,297.65295,297.90295,297.90295,292.77795,297.59045,296.46545,295.84045,295.96545,296.52795,297.6217,298.02795,298.09045,298.59045,298.21545,298.0592,298.1842,296.52795,297.6842,298.34045,297.9967,298.59045,298.15295,298.34045,297.96545,298.3092,297.71545,297.71545,297.65295,297.8717,297.9967,297.84045,298.7467,298.40295,298.27795,298.3092,298.52795,298.46545,298.02795
295.71545,296.84045,295.3092,296.96545,297.09045,297.09045,297.15295,297.21545,297.34045,297.4342,297.5592,297.90295,297.90295,297.46545,297.1217,297.09045,297.02795,297.3092,297.09045,296.4342,296.8717,297.02795,297.65295,297.7467,297.5592,297.96545,296.90295,295.90295,296.2467,293.52795,295.5592,295.8717,296.9342,296.84045,297.59045,297.7467,297.84045,298.0592,298.1842,298.2467,297.90295,298.27795,298.4342,298.27795,298.4342,297.9342,298.46545,298.46545,298.6217,297.9967,297.77795,298.1217,297.6217,297.4967,298.1842,298.1217,298.1842,297.90295,298.15295,298.34045,298.09045
294.02795,295.4342,296.46545,297.3717,297.21545,297.1217,297.0592,296.7467,297.4342,297.2467,297.46545,297.77795,297.6842,297.2467,296.9967,297.3092,296.65295,297.09045,297.21545,295.40295,295.3092,297.21545,297.52795,297.3717,297.46545,297.40295,297.40295,296.9967,295.9967,295.27795,295.27795,296.71545,296.7467,296.9342,297.40295,297.6842,297.9967,298.1217,297.7467,297.7467,297.65295,297.6842,298.27795,298.40295,297.71545,298.15295,298.27795,298.40295,298.34045,298.4967,298.40295,298.1842,298.46545,297.9967,297.8092,297.52795,297.96545,298.77795,298.2467,297.9342,298.65295
294.65295,295.4342,296.1842,296.15295,296.09045,297.09045,297.1842,296.65295,295.9342,296.4967,296.71545,295.6842,296.40295,297.21545,297.4967,297.46545,297.15295,297.1217,296.8717,297.1217,292.21545,296.0592,296.8717,296.90295,296.96545,296.90295,296.9342,297.21545,297.40295,295.71545,295.9967,296.65295,296.71545,296.9342,296.84045,297.21545,297.8717,298.4342,298.2467,298.40295,298.3092,298.27795,298.2467,297.65295,297.8717,298.02795,297.15295,297.46545,297.65295,297.96545,298.09045,297.65295,297.6842,297.59045,297.9342,297.5592,297.6842,297.71545,298.3092,298.09045,297.7467
295.5592,295.15295,295.3092,294.6217,294.6217,296.7467,296.84045,296.4342,296.6842,291.9342,292.1217,292.71545,294.59045,295.71545,297.1217,297.2467,296.9967,296.6217,296.21545,295.71545,292.77795,293.96545,296.21545,296.5592,297.21545,297.46545,297.09045,297.1217,296.27795,296.1217,296.3717,297.71545,297.46545,297.8717,297.96545,297.8717,298.1217,297.4967,297.84045,297.8092,298.21545,297.9967,297.52795,297.6842,297.46545,297.52795,297.59045,297.8092,297.65295,297.9967,298.0592,297.27795,297.59045,297.1842,297.52795,297.5592,297.6842,298.0592,297.4967,297.9967,298.3717
294.65295,294.71545,294.46545,292.90295,293.8092,292.59045,295.27795,296.40295,290.6842,293.27795,291.65295,290.96545,292.34045,295.34045,296.8717,296.9967,296.65295,296.40295,295.40295,294.77795,292.77795,291.8717,295.65295,295.8717,296.7467,296.90295,296.71545,296.90295,296.5592,295.96545,295.77795,296.71545,297.46545,296.90295,297.34045,297.27795,297.71545,297.7467,297.84045,297.3717,296.59045,296.84045,297.9342,297.71545,297.8092,297.2467,297.4342,297.21545,296.6217,296.77795,297.27795,297.77795,297.6217,296.7467,297.2467,297.40295,297.3092,297.4967,297.59045,297.84045,297.5592
295.34045,294.84045,293.3717,294.09045,288.65295,288.77795,292.3717,293.6842,293.3092,289.84045,293.15295,290.84045,289.8092,292.90295,296.5592,297.15295,296.21545,295.46545,294.59045,294.3092,290.0592,289.90295,290.9342,293.27795,295.6842,295.96545,296.5592,296.5592,296.6842,296.9342,296.4967,296.15295,295.7467,297.0592,296.6217,296.4342,297.6217,296.71545,297.5592,297.0592,296.3092,295.7467,295.46545,296.1842,296.96545,296.3717,297.15295,297.0592,297.0592,296.84045,296.9967,296.8717,296.6217,296.9342,297.40295,297.77795,297.59045,297.3717,297.46545,297.7467,297.8092
295.3092,294.8717,294.2467,288.40295,286.4342,287.96545,289.8717,291.4967,290.34045,290.52795,289.2467,289.52795,288.8092,289.02795,295.34045,296.1842,295.34045,294.77795,293.6217,292.1842,290.34045,288.4967,288.3092,290.4342,294.34045,294.3717,294.9967,295.52795,295.9967,296.15295,296.40295,295.6842,296.0592,296.3092,296.2467,295.8092,296.09045,296.09045,296.1842,296.59045,296.59045,295.40295,294.5592,296.1217,296.27795,296.84045,296.84045,297.90295,298.02795,297.34045,297.34045,297.4342,297.34045,297.21545,296.77795,297.6842,297.46545,297.4967,297.65295,298.3717,297.71545
295.02795,289.84045,290.0592,288.1842,287.52795,287.6217,288.8717,289.6217,287.6842,288.02795,288.34045,288.4967,288.27795,288.77795,293.27795,294.15295,292.2467,292.02795,292.7467,288.96545,288.40295,289.09045,289.71545,290.4342,293.6842,293.77795,293.52795,293.2467,294.46545,294.09045,294.15295,294.40295,294.8092,295.27795,295.02795,294.8717,295.46545,295.6217,295.7467,295.9967,295.5592,295.59045,295.1217,295.3717,295.96545,296.09045,296.09045,296.6217,297.4342,297.09045,297.15295,297.40295,297.7467,297.4967,297.6842,297.77795,297.90295,297.0592,297.09045,297.8717,298.09045
