frontend/src/assets/file/spot/d2.json
{"header": {"discipline":0,"disciplineName":"Meteorological products","gribEdition":2,"gribLength":97936,"center":98,"centerName":"European Center for Medium-Range Weather Forecasts (RSMC)","subcenter":0,"refTime":"2019-04-26T12:00:00.000Z","significanceOfRT":1,"significanceOfRTName":"Start of forecast","productStatus":0,"productStatusName":"Operational products","productType":1,"productTypeName":"Forecast products","productDefinitionTemplate":0,"productDefinitionTemplateName":"Analysis/forecast at horizontal level/layer at a point in time","parameterCategory":0,"parameterCategoryName":"Temperature","parameterNumber":6,"parameterNumberName":"Dew_point_temperature","parameterUnit":"K","genProcessType":0,"genProcessTypeName":"Analysis","forecastTime":66,"surface1Type":103,"surface1TypeName":"Specified height level above ground","surface1Value":2.0,"surface2Type":255,"surface2TypeName":"Missing","surface2Value":-9.999E-252,"gridDefinitionTemplate":0,"gridDefinitionTemplateName":"Latitude_Longitude","numberPoints":65160,"shape":6,"shapeName":"Earth spherical with radius of 6,371,229.0 m","gridUnits":"degrees","resolution":48,"winds":"true","scanMode":0,"nx":360,"ny":181,"basicAngle":0,"lo1":0.0,"la1":90.0,"lo2":359.0,"la2":-90.0,"dx":1.0,"dy":1.0}, "data":
[rows 81 to 107 of 181, columns 244 to 304 of 360]
298.15295,297.9342,297.96545,297.52795,297.46545,297.71545,297.84045,297.6842,297.6842,297.77795,298.02795,298.0592,297.90295,297.65295,296.8092,296.77795,297.15295,297.2467,297.4342,297.5592,297.1217,296.9342,297.02795,297.46545,297.8092,297.46545,297.3092,298.02795,297.65295,298.02795,297.9967,298.09045,297.77795,289.59045,297.09045,297.52795,297.5592,297.21545,296.9342,298.2467,296.34045,297.71545,299.02795,295.6842,297.84045,284.5592,294.59045,295.90295,293.77795,292.9967,294.34045,293.4967,293.71545,294.15295,295.09045,295.40295,296.09045,295.96545,295.4967,295.09045,296.65295
297.96545,297.9967,298.02795,298.0592,297.5592,297.0592,297.4967,297.71545,298.02795,297.40295,296.9342,297.15295,297.34045,296.8717,297.1217,296.52795,296.46545,297.21545,297.21545,297.52795,297.15295,296.4342,296.84045,297.09045,296.3717,296.4967,296.77795,297.27795,297.6842,297.4967,297.5592,298.21545,297.96545,298.46545,298.77795,297.3092,298.02795,297.5592,296.8092,297.8092,295.3092,297.1842,295.6842,282.5592,283.6842,292.84045,295.90295,296.9342,293.15295,293.27795,292.3092,291.9967,294.5592,294.21545,293.96545,294.8717,295.46545,295.96545,296.71545,295.8717,295.4967
297.7467,297.4967,297.65295,297.3717,297.9342,298.15295,297.9342,297.65295,297.65295,297.8717,297.8092,297.84045,296.84045,296.77795,297.5592,297.6842,297.77795,298.02795,297.52795,297.65295,296.96545,296.7467,296.27795,296.3092,296.4967,296.4342,296.84045,296.7467,297.3092,297.6217,298.15295,298.09045,297.9967,298.34045,298.4342,298.8092,298.02795,297.5592,297.6842,297.4967,285.6842,292.65295,297.4342,283.40295,292.9967,296.21545,296.09045,296.8092,293.90295,293.9967,292.8092,293.96545,292.77795,295.46545,293.90295,294.27795,295.1217,295.77795,296.59045,296.90295,296.21545
297.9342,298.02795,297.4967,297.6217,297.52795,297.77795,297.71545,298.02795,297.9342,298.02795,297.6217,297.71545,297.9342,297.77795,297.7467,297.84045,297.84045,297.4967,297.5592,297.59045,297.77795,297.84045,297.15295,297.09045,297.1842,297.52795,296.90295,297.1842,297.4967,298.09045,298.27795,297.96545,297.84045,297.7467,298.0592,297.6842,297.27795,297.3717,297.5592,295.9967,286.59045,292.5592,290.71545,278.09045,291.84045,296.40295,296.90295,296.96545,297.40295,295.4967,289.1842,291.09045,291.46545,291.1842,289.4967,290.34045,294.34045,295.6842,295.8717,296.3092,296.71545
297.5592,297.4967,297.6842,297.3717,297.27795,298.1217,297.52795,297.6842,297.59045,297.8717,298.27795,298.0592,297.77795,297.8717,297.84045,297.5592,297.6217,297.3092,297.52795,297.3717,297.59045,297.71545,297.6842,297.09045,297.4342,297.3092,296.7467,297.21545,297.3717,297.71545,297.90295,297.1217,297.27795,297.3092,297.40295,297.8092,297.6217,297.96545,297.7467,297.27795,287.71545,290.71545,282.27795,290.02795,296.96545,296.2467,296.8717,296.9967,296.40295,290.2467,297.27795,291.09045,291.59045,293.9967,287.7467,287.9342,291.40295,294.3717,295.6842,295.52795,295.3717
297.77795,297.8717,297.27795,297.21545,297.21545,297.4967,297.9342,297.6217,297.8717,297.5592,298.0592,297.90295,297.84045,297.90295,297.96545,297.96545,297.8092,297.3092,297.4342,297.46545,297.59045,296.4342,296.4967,296.46545,296.40295,296.46545,296.77795,296.8092,297.0592,296.96545,297.4342,297.15295,297.34045,296.9342,297.34045,297.3717,297.59045,297.21545,297.9342,296.65295,285.27795,295.52795,282.46545,296.7467,296.46545,296.9967,296.4967,296.71545,297.1217,297.2467,294.90295,288.77795,291.3092,292.77795,293.3717,293.15295,292.3092,294.21545,295.3717,294.8717,295.1217
297.46545,297.3092,297.0592,297.4967,297.4967,297.52795,297.34045,297.4342,297.59045,297.59045,297.1217,296.96545,297.0592,297.2467,296.96545,296.9342,296.90295,297.3092,297.3717,297.4967,297.3717,296.90295,296.90295,296.59045,296.1217,296.2467,296.4342,296.5592,296.71545,296.8092,296.8717,297.0592,296.96545,296.90295,297.02795,297.1842,297.27795,297.6842,297.6217,292.1217,277.84045,287.8092,293.0592,295.71545,296.8092,296.71545,296.0592,296.6217,296.8092,297.02795,296.6217,295.8717,289.7467,293.40295,293.3717,293.90295,293.52795,293.6217,293.9342,293.6842,294.1217
297.34045,297.2467,297.40295,297.3717,297.59045,297.46545,297.4967,297.59045,297.27795,297.3717,297.3717,297.21545,297.2467,297.21545,297.3717,297.40295,297.27795,297.2467,297.21545,297.0592,297.1217,297.40295,296.65295,296.9342,296.4967,296.59045,296.5592,296.71545,296.7467,297.15295,296.40295,296.84045,296.8092,296.90295,297.0592,297.27795,297.1217,297.6217,296.6842,292.27795,288.1217,294.40295,295.90295,295.40295,295.9342,295.96545,296.1842,296.46545,296.3717,296.96545,296.9342,294.7467,294.4967,295.52795,294.34045,295.4342,293.90295,293.9342,295.02795,293.59045,293.27795
297.4967,297.34045,297.52795,297.65295,297.52795,297.2467,297.5592,297.40295,297.46545,297.5592,297.65295,297.71545,297.8092,297.6842,297.7467,297.6217,297.3092,297.40295,297.3092,297.4342,297.15295,297.09045,297.3092,296.7467,297.02795,296.65295,296.52795,296.6842,296.4967,296.1217,295.77795,296.40295,296.21545,296.4967,296.96545,296.8092,296.6217,296.8717,285.77795,284.4342,295.59045,295.84045,295.71545,295.90295,296.09045,295.8092,296.5592,296.6842,296.40295,296.4967,290.8092,295.8717,297.4342,296.0592,296.4342,295.1842,296.8092,294.84045,293.77795,296.40295,295.21545
297.4342,297.34045,297.65295,297.52795,297.4342,297.46545,297.52795,297.40295,297.34045,297.6842,297.65295,297.5592,297.71545,297.71545,297.65295,297.65295,297.6217,297.59045,297.52795,297.27795,297.5592,297.4342,297.09045,296.9342,296.8717,297.1217,296.5592,296.59045,296.21545,295.9967,295.9342,296.0592,295.9967,296.1842,296.34045,296.4342,295.77795,293.27795,277.3717,295.40295,296.09045,296.09045,295.9967,296.1217,296.21545,296.4967,296.59045,296.77795,296.46545,296.8717,296.3092,296.71545,297.2467,297.34045,297.1842,296.84045,296.3717,295.52795,295.34045,295.65295,295.46545
297.40295,297.4967,297.4342,297.6842,297.5592,297.4342,297.65295,297.8092,297.6217,297.52795,297.2467,297.65295,297.46545,297.4342,297.40295,297.4342,297.3717,297.02795,297.09045,297.34045,297.3092,297.3092,297.40295,297.21545,297.09045,296.96545,296.8717,296.34045,296.21545,295.90295,295.8092,295.8092,295.71545,295.84045,295.59045,296.40295,295.96545,282.46545,289.4342,295.4342,296.09045,295.96545,296.6217,296.02795,295.9967,296.02795,297.3717,296.5592,296.40295,296.4967,297.02795,296.96545,296.8717,297.1842,297.1842,296.6842,296.21545,296.09045,296.1217,296.5592,295.84045
297.6217,297.6842,297.65295,297.7467,297.84045,297.46545,297.96545,297.6842,297.46545,297.77795,297.71545,297.7467,297.3717,297.3092,297.4342,297.3717,297.27795,297.02795,296.8717,296.8717,297.1217,296.90295,297.15295,297.27795,297.4967,297.71545,297.1217,296.7467,296.4342,296.15295,296.0592,295.65295,295.3717,295.65295,295.27795,295.84045,296.34045,283.0592,292.0592,295.71545,296.1217,295.9342,295.8717,296.2467,296.09045,296.4342,296.7467,296.71545,296.4967,296.4967,296.96545,296.65295,296.6842,296.90295,297.46545,296.02795,296.0592,296.4342,296.6217,296.96545,297.8717
297.71545,297.4967,297.59045,297.9342,297.9342,297.65295,297.90295,297.90295,297.71545,297.8092,297.59045,297.46545,297.46545,297.3717,297.2467,296.9342,296.90295,297.0592,297.02795,296.84045,296.7467,296.8092,297.34045,297.3717,297.6842,297.3717,296.7467,296.6842,296.40295,295.7467,295.65295,295.6217,295.1217,294.8717,295.09045,295.40295,296.40295,283.3717,294.71545,295.9342,296.4342,296.09045,296.21545,296.4967,296.84045,295.7467,296.4342,297.02795,296.65295,296.4967,296.5592,296.8717,296.71545,296.1842,296.6217,297.3717,296.65295,297.1842,297.1842,296.9342,296.65295
297.84045,297.6842,297.46545,297.4342,297.90295,297.7467,297.84045,297.8092,297.71545,297.34045,297.1217,296.6842,296.8717,296.90295,296.4342,296.9342,296.71545,296.84045,296.6842,296.6842,296.71545,296.77795,296.84045,297.0592,297.2467,297.1842,296.90295,296.59045,296.34045,295.6842,295.59045,295.5592,295.09045,294.6217,294.34045,295.15295,290.40295,286.5592,292.34045,296.40295,297.15295,296.6842,296.3092,296.40295,296.27795,296.84045,296.21545,296.5592,296.96545,296.6842,295.84045,296.4342,296.1217,296.8717,297.27795,297.21545,296.96545,297.34045,296.96545,296.7467,296.27795
297.52795,297.52795,297.46545,297.4967,297.8092,297.6842,297.71545,297.8092,297.4967,297.02795,296.71545,296.5592,296.1217,296.4342,296.34045,296.27795,296.5592,296.52795,296.6217,296.7467,295.9967,296.1842,296.52795,296.4967,296.52795,296.84045,296.7467,296.2467,295.8092,295.1217,294.9342,295.34045,294.8092,294.6842,294.1842,292.1217,290.27795,289.0592,295.0592,296.5592,297.09045,296.52795,297.27795,296.34045,296.0592,295.9967,296.09045,295.96545,296.02795,296.6217,295.9967,296.40295,296.34045,296.8092,296.5592,296.65295,297.0592,296.96545,296.4967,297.09045,295.7467
297.3717,296.90295,297.34045,297.09045,297.3092,297.34045,297.1842,296.96545,297.02795,296.59045,296.4967,296.34045,295.71545,295.52795,296.3092,295.4967,296.2467,296.40295,296.40295,296.7467,296.52795,295.8092,296.1842,296.0592,296.21545,295.6217,295.9967,295.3717,295.27795,294.9342,295.3092,295.34045,294.1842,294.4342,294.15295,292.1842,291.1217,289.09045,285.0592,291.84045,296.77795,297.09045,296.3092,295.96545,295.65295,295.96545,295.8092,296.21545,297.02795,296.59045,296.65295,297.1842,296.52795,296.77795,296.9342,296.4967,296.40295,295.9967,296.34045,296.27795,296.0592
297.02795,297.21545,297.21545,297.09045,297.1842,297.02795,296.84045,296.9342,296.84045,296.6217,296.6217,295.84045,296.27795,295.71545,294.77795,294.9967,295.02795,295.59045,295.6217,296.0592,296.15295,296.09045,295.6217,295.3717,295.46545,295.1217,294.8092,295.1842,294.27795,294.09045,294.46545,294.6842,293.9342,294.4342,293.9342,293.84045,292.6217,282.27795,284.1217,291.96545,293.1217,295.9967,295.96545,296.1217,295.65295,296.3092,296.1842,295.84045,296.3717,296.6217,296.40295,296.8092,296.59045,296.9342,297.21545,296.52795,296.21545,296.65295,295.9342,295.9967,295.6217
296.8717,296.96545,296.90295,296.8092,296.8092,296.5592,296.71545,296.84045,296.84045,296.40295,295.59045,294.46545,294.52795,295.0592,294.4342,294.77795,295.1217,295.46545,295.1217,295.4967,295.1842,294.9967,295.15295,294.90295,295.15295,293.9967,294.34045,294.3092,294.7467,293.6217,293.65295,293.4967,293.59045,294.02795,293.52795,293.71545,293.1217,289.84045,277.1842,282.77795,290.34045,296.3717,295.40295,295.9967,295.46545,296.1217,296.3092,296.4342,296.52795,296.4342,296.7467,296.6217,296.4967,296.9967,296.15295,297.15295,296.46545,295.9342,296.40295,295.3092,295.27795
296.4342,296.40295,296.27795,296.3092,296.09045,295.71545,296.1842,296.5592,296.40295,295.46545,294.6217,294.8717,294.6217,295.4967,295.52795,294.9342,294.84045,295.02795,295.34045,295.02795,294.5592,294.90295,294.40295,293.96545,293.8717,294.27795,292.90295,293.3092,293.21545,294.0592,292.4967,292.52795,292.59045,293.0592,293.3092,292.96545,293.34045,292.15295,279.90295,278.6217,290.8717,295.3717,296.27795,295.34045,296.02795,296.1217,296.46545,296.40295,297.1842,296.46545,295.96545,296.84045,296.90295,296.8092,296.1217,296.4342,296.3717,296.4342,295.9967,296.65295,295.4342
295.7467,295.77795,295.3717,295.46545,295.1842,294.96545,294.6842,296.09045,295.6217,294.71545,294.46545,295.3092,295.2467,294.46545,293.77795,294.21545,294.15295,293.6217,293.84045,293.90295,295.1217,294.1217,293.2467,293.8717,292.9967,294.8092,293.6842,294.3092,293.96545,292.34045,292.9342,292.90295,292.3717,292.9342,292.4967,292.84045,292.7467,292.21545,290.4342,275.1842,276.40295,295.8717,296.84045,295.6217,295.40295,296.27795,295.8717,296.21545,296.96545,296.46545,296.6842,296.71545,296.4967,296.9342,296.96545,296.4967,296.1842,296.71545,295.21545,295.65295,295.8092
295.34045,294.77795,294.8092,294.8717,294.9342,294.6217,294.02795,294.0592,294.9967,294.02795,294.7467,295.4342,294.40295,292.9967,293.5592,293.9342,294.4967,294.52795,293.3092,292.59045,293.9967,293.7467,293.46545,293.59045,293.77795,293.7467,292.90295,292.8092,292.6842,293.40295,291.34045,292.15295,291.46545,292.3092,292.6842,290.9967,292.21545,291.3717,292.1842,281.5592,274.34045,288.71545,291.02795,295.9967,295.59045,295.4967,295.77795,296.09045,295.9342,296.6217,296.7467,296.15295,295.65295,296.09045,296.77795,296.6842,295.77795,295.27795,296.09045,295.9342,295.3092
294.6217,294.4967,294.8092,294.3717,294.40295,294.40295,294.7467,294.0592,293.15295,293.9967,294.5592,294.1217,293.4967,293.09045,294.27795,293.8092,293.77795,292.90295,294.59045,293.5592,292.3717,292.15295,291.34045,292.09045,292.4967,291.65295,293.02795,291.52795,291.46545,292.15295,292.34045,292.6842,292.34045,291.3717,291.8717,291.6217,291.84045,291.4342,291.4342,290.77795,274.0592,274.9342,294.77795,294.27795,292.4967,295.3092,295.6842,296.3717,296.6842,296.8092,296.59045,297.09045,296.3092,297.0592,295.1842,296.21545,295.3717,295.6217,296.4967,296.0592,294.8717
293.9967,294.6217,295.02795,295.3717,295.09045,294.8092,294.09045,293.4967,292.96545,294.02795,294.3092,293.84045,293.6842,293.65295,293.4342,292.6217,292.96545,292.59045,292.77795,292.15295,292.77795,292.46545,293.1217,292.9967,292.21545,291.65295,292.46545,291.8092,291.3717,290.40295,291.46545,290.71545,290.3717,289.40295,290.59045,289.9967,291.34045,291.65295,291.7467,291.4342,285.4967,273.34045,276.9967,279.34045,277.4342,293.09045,295.90295,296.3717,296.52795,296.71545,297.02795,297.4967,297.15295,296.96545,296.6842,295.77795,293.6842,295.09045,294.8717,296.09045,294.9967
293.77795,293.5592,294.9967,295.02795,294.8092,294.21545,294.21545,294.27795,293.4342,292.34045,294.3092,294.0592,293.71545,293.3092,292.4342,293.90295,292.77795,292.3092,292.71545,292.09045,292.09045,291.8717,291.7467,292.09045,291.9967,291.90295,290.9967,291.6217,291.5592,290.8092,291.96545,290.0592,290.3717,290.40295,291.46545,290.40295,289.9342,291.4342,291.90295,291.1217,289.9342,278.27795,274.90295,275.71545,276.02795,270.5592,271.1842,289.46545,294.21545,297.1217,296.6842,296.84045,296.8717,296.1217,296.21545,295.2467,295.1842,293.4967,293.9342,294.6217,295.0592
293.3092,292.9967,294.15295,294.0592,293.1842,293.0592,292.71545,294.09045,293.96545,293.8717,293.6842,293.09045,292.90295,292.9967,292.3717,291.84045,292.71545,293.15295,292.4342,291.90295,291.0592,290.65295,290.0592,290.34045,291.3717,291.5592,290.02795,290.27795,290.2467,290.77795,290.5592,290.77795,290.1842,290.2467,290.09045,288.7467,289.27795,290.3092,291.0592,291.6842,290.6217,288.09045,275.27795,270.1842,271.9342,274.4342,274.3092,274.40295,290.9967,295.34045,296.1842,296.4967,295.90295,295.6217,295.65295,296.52795,295.2467,293.96545,295.1217,296.3092,295.27795
292.90295,292.52795,292.4342,293.46545,292.71545,292.1217,292.5592,293.84045,293.8717,293.3092,292.6217,292.21545,292.1842,292.09045,292.2467,291.96545,291.96545,292.46545,291.71545,292.1842,291.4967,290.84045,291.3717,291.0592,289.59045,290.27795,289.77795,289.4342,289.9342,289.90295,288.1217,289.9342,290.6842,289.09045,290.1217,289.9967,289.5592,288.84045,289.84045,290.6842,291.65295,291.34045,289.77795,283.21545,276.40295,272.46545,272.8092,278.3717,287.4967,290.9342,295.3092,295.4342,295.4342,295.6217,294.8092,295.1842,296.27795,295.6217,296.0592,295.77795,296.84045
293.8092,292.77795,291.84045,291.84045,293.59045,291.9342,293.77795,293.46545,292.6842,292.1842,291.84045,291.34045,290.90295,292.02795,292.84045,291.71545,291.2467,291.0592,291.21545,290.59045,290.4967,289.3717,290.84045,289.8717,289.59045,289.6842,289.6842,290.65295,289.40295,290.6842,288.8092,288.6217,288.09045,289.1842,288.90295,288.3717,289.40295,289.6217,290.2467,289.59045,289.5592,290.46545,290.9342,291.0592,287.59045,277.7467,266.40295,269.3717,276.59045,282.96545,285.71545,293.65295,293.84045,293.90295,295.3717,295.27795,295.71545,296.21545,296.6217,296.59045,296.5592
