frontend/src/assets/file/spot/d2.json
{"header": {"discipline":0,"disciplineName":"Meteorological products","gribEdition":2,"gribLength":97936,"center":98,"centerName":"European Center for Medium-Range Weather Forecasts (RSMC)","subcenter":0,"refTime":"2019-04-26T12:00:00.000Z","significanceOfRT":1,"significanceOfRTName":"Start of forecast","productStatus":0,"productStatusName":"Operational products","productType":1,"productTypeName":"Forecast products","productDefinitionTemplate":0,"productDefinitionTemplateName":"Analysis/forecast at horizontal level/layer at a point in time","parameterCategory":0,"parameterCategoryName":"Temperature","parameterNumber":6,"parameterNumberName":"Dew_point_temperature","parameterUnit":"K","genProcessType":0,"genProcessTypeName":"Analysis","forecastTime":66,"surface1Type":103,"surface1TypeName":"Specified height level above ground","surface1Value":2.0,"surface2Type":255,"surface2TypeName":"Missing","surface2Value":-9.999E-252,"gridDefinitionTemplate":0,"gridDefinitionTemplateName":"Latitude_Longitude","numberPoints":65160,"shape":6,"shapeName":"Earth spherical with radius of 6,371,229.0 m","gridUnits":"degrees","resolution":48,"winds":"true","scanMode":0,"nx":360,"ny":181,"basicAngle":0,"lo1":0.0,"la1":90.0,"lo2":359.0,"la2":-90.0,"dx":1.0,"dy":1.0}, "data":
[rows 27 to 53 of 181, columns 0 to 60 of 360]
280.9342,281.09045,280.9967,281.1217,281.4342,281.52795,281.02795,280.96545,280.2467,278.59045,279.6842,279.21545,276.21545,275.5592,277.34045,276.9342,276.71545,275.84045,275.7467,275.3717,274.9967,275.2467,273.52795,271.2467,271.15295,270.9342,269.5592,269.6842,268.96545,268.59045,269.4967,268.84045,268.59045,267.84045,266.4967,267.59045,266.84045,265.59045,265.09045,264.1217,264.34045,262.3717,262.65295,263.2467,262.8717,262.7467,262.21545,261.9342,261.9342,261.5592,261.65295,262.1217,261.5592,260.96545,260.5592,259.90295,260.09045,260.8092,260.46545,259.21545,259.6842
281.2467,281.77795,281.46545,281.2467,280.9342,280.77795,278.21545,273.34045,272.6217,274.21545,276.71545,276.9967,275.27795,275.4342,276.65295,276.40295,276.21545,275.9967,274.8717,274.7467,274.6217,274.90295,274.52795,272.27795,271.0592,270.71545,268.77795,269.3717,267.6217,268.3092,270.21545,268.8092,266.77795,267.3717,266.27795,269.84045,266.15295,264.65295,264.40295,263.65295,261.8717,263.71545,260.71545,261.0592,261.0592,261.3717,263.27795,261.84045,262.3092,262.40295,262.1842,261.84045,261.90295,261.3717,261.21545,261.77795,261.3092,260.65295,259.90295,258.9967,259.3092
281.84045,282.09045,281.71545,281.46545,281.02795,280.40295,277.4342,275.6217,273.46545,276.84045,277.96545,277.3092,276.8092,276.5592,276.46545,274.02795,269.52795,270.46545,274.9967,275.4342,275.3092,273.5592,269.40295,268.90295,270.02795,269.71545,270.77795,270.3092,269.6217,270.1217,269.0592,271.6217,270.34045,266.6842,266.52795,267.84045,269.02795,265.40295,263.96545,263.71545,260.90295,260.6842,260.2467,262.4967,260.65295,262.8092,262.21545,262.65295,260.9342,261.3717,262.59045,261.96545,262.1217,262.3717,262.5592,261.27795,260.65295,260.3717,259.3092,258.21545,257.4967
280.2467,280.8092,281.5592,281.7467,280.9967,280.84045,279.3717,272.52795,273.02795,276.40295,277.1842,276.77795,275.15295,273.65295,266.2467,265.46545,266.90295,268.3717,270.65295,275.0592,274.8717,274.1842,273.4967,271.59045,273.65295,273.65295,273.59045,271.96545,271.96545,270.4967,270.3092,269.09045,267.4967,268.4342,267.6842,266.8092,266.65295,266.8717,264.34045,262.8092,262.77795,263.4342,263.4967,264.6842,265.34045,264.4967,263.77795,262.3092,261.52795,260.9342,262.7467,262.0592,262.9342,263.6217,261.65295,261.09045,260.5592,260.4967,259.5592,258.3717,257.84045
279.90295,280.1217,280.71545,281.3092,280.5592,281.3092,282.3717,274.27795,275.6217,279.0592,278.27795,275.59045,272.46545,272.8717,271.4342,270.9967,271.84045,272.40295,273.1842,275.15295,274.9342,275.09045,274.7467,272.65295,271.5592,271.46545,271.59045,271.77795,270.4967,269.4342,269.6842,269.09045,268.8717,268.71545,267.5592,267.40295,267.0592,265.1842,264.8092,263.59045,265.02795,265.52795,266.46545,266.7467,265.84045,264.6217,264.71545,263.4342,261.02795,261.2467,260.34045,260.65295,262.3717,262.52795,261.65295,261.8717,262.34045,262.4967,260.3092,258.84045,259.84045
279.90295,279.21545,280.4967,280.6842,280.9342,281.59045,280.90295,280.27795,280.02795,279.71545,278.8092,277.40295,275.15295,274.40295,274.1842,273.7467,274.0592,276.4342,275.7467,275.4967,275.65295,275.3717,272.77795,273.96545,272.21545,269.6842,269.77795,270.4967,272.02795,269.7467,268.71545,269.0592,267.8717,267.0592,267.6842,266.7467,265.52795,265.21545,264.4342,264.96545,266.46545,267.65295,267.65295,268.15295,267.5592,265.4967,265.09045,262.9967,264.4342,264.65295,263.9342,264.15295,263.0592,262.71545,262.9342,263.3717,264.0592,263.52795,261.27795,261.02795,261.90295
279.6217,280.8092,280.7467,280.65295,280.8092,280.9342,281.1217,280.9342,281.65295,281.6217,281.4967,279.3717,278.1217,277.27795,276.8717,274.9342,275.46545,275.9967,276.15295,276.1217,275.7467,274.9342,271.59045,270.65295,271.15295,270.34045,269.59045,269.34045,269.1842,268.77795,268.7467,266.96545,267.15295,265.90295,266.96545,267.27795,266.34045,264.1842,264.8092,264.65295,263.34045,266.4342,267.96545,269.34045,267.96545,266.6217,265.0592,265.71545,266.7467,265.40295,264.90295,263.52795,264.4342,264.65295,265.59045,265.4342,264.9342,264.8717,264.2467,262.4342,261.59045
280.34045,280.2467,280.4342,280.59045,280.8092,280.9967,280.90295,280.96545,281.15295,280.4342,280.71545,281.8717,280.1217,279.6842,278.9967,276.9967,277.46545,277.59045,277.09045,276.6217,276.21545,275.34045,271.8717,270.9967,271.09045,270.40295,269.96545,269.6842,270.21545,270.02795,269.65295,268.9342,268.8092,268.27795,268.8717,268.4967,267.59045,268.46545,267.6217,266.4967,266.6217,267.0592,268.40295,269.77795,268.96545,266.90295,266.52795,266.3717,266.46545,265.8717,263.65295,263.9967,264.7467,266.21545,266.27795,266.2467,265.6217,265.02795,262.9967,262.15295,261.77795
280.5592,279.96545,279.71545,280.3092,280.8717,280.71545,280.77795,281.0592,281.1217,280.7467,280.6842,281.4967,282.27795,280.59045,278.8092,279.27795,279.46545,279.15295,278.4342,278.46545,278.3092,277.71545,273.8092,272.0592,271.6842,271.3092,270.77795,270.15295,269.34045,269.6842,269.7467,269.15295,268.9967,269.02795,268.40295,268.15295,269.02795,267.90295,268.1217,268.7467,268.52795,268.27795,269.21545,268.3717,266.4967,264.9967,266.59045,266.3717,265.3717,268.2467,264.84045,263.46545,266.34045,265.6842,266.59045,265.5592,267.2467,266.65295,266.4342,266.4967,264.6217
279.6217,279.77795,278.9967,278.77795,278.90295,278.65295,278.59045,279.5592,280.27795,280.02795,279.6217,280.09045,280.6217,280.90295,281.65295,280.3717,280.0592,281.6217,282.4342,282.84045,282.34045,281.46545,278.9967,277.02795,273.96545,272.77795,271.9967,270.3092,269.71545,269.21545,269.02795,269.84045,270.3717,270.27795,270.2467,268.96545,268.4342,268.3092,268.46545,268.4967,268.6842,269.15295,269.21545,268.4967,267.21545,266.09045,265.8717,266.90295,266.02795,266.7467,265.1842,264.96545,266.15295,266.4967,266.27795,265.5592,266.71545,266.0592,265.6217,265.4967,265.3092
277.6217,279.77795,280.40295,280.8092,280.6842,280.1842,278.46545,279.1842,278.59045,278.9342,277.52795,277.52795,277.34045,278.8092,279.71545,280.9342,281.84045,282.59045,282.8717,284.1842,285.59045,284.4342,283.2467,282.34045,280.02795,276.59045,274.4967,272.84045,272.52795,271.84045,271.0592,270.1217,270.02795,269.3092,269.09045,269.0592,268.9342,268.71545,268.5592,269.3092,269.1217,267.4967,265.8092,265.84045,266.0592,266.3092,265.09045,265.34045,267.1217,268.4342,266.90295,265.1217,267.21545,267.02795,266.90295,266.8717,267.2467,267.4342,266.6842,267.6217,270.9342
277.84045,278.09045,280.6217,280.46545,278.84045,277.9967,277.84045,277.52795,277.52795,278.2467,277.6842,277.84045,278.3717,277.8717,278.52795,279.02795,279.90295,280.90295,281.59045,282.09045,284.1217,286.3092,286.77795,286.1217,285.0592,283.65295,282.21545,280.65295,278.5592,275.96545,274.71545,273.21545,269.7467,270.15295,271.5592,270.6217,269.65295,268.40295,268.8717,267.77795,266.34045,266.21545,265.96545,265.6842,265.0592,265.3717,265.09045,265.2467,267.27795,267.1217,267.9967,268.4967,269.3717,268.52795,268.3717,268.5592,268.9342,269.52795,271.4967,274.9342,275.71545
277.4342,279.2467,279.3092,278.6217,277.34045,276.21545,276.8717,276.77795,275.9967,275.84045,275.96545,275.8717,276.2467,277.3092,277.8092,277.6217,277.65295,278.84045,279.65295,280.7467,281.84045,283.46545,284.52795,282.9342,283.96545,286.2467,286.52795,285.8092,283.2467,282.4967,281.6842,279.96545,278.52795,276.21545,275.21545,274.71545,273.71545,271.84045,269.0592,268.71545,268.46545,268.02795,267.40295,266.52795,265.3092,263.65295,266.2467,265.7467,266.1217,266.27795,267.8717,268.4342,269.59045,270.34045,271.21545,272.96545,274.52795,274.71545,276.6842,280.8717,276.65295
280.40295,280.7467,278.46545,278.52795,275.9342,275.4967,275.09045,276.1217,276.5592,276.84045,275.71545,275.1217,273.8092,274.8092,275.09045,276.3092,278.1217,276.52795,278.02795,279.71545,280.8092,280.40295,280.5592,280.6217,281.46545,281.9342,282.9342,285.2467,284.90295,284.65295,285.27795,286.02795,284.4342,282.3092,280.5592,279.4967,277.84045,275.59045,274.3092,273.0592,273.1217,272.84045,271.59045,268.7467,267.1217,266.21545,266.02795,266.65295,268.21545,269.21545,271.40295,272.65295,274.0592,275.15295,276.0592,276.8717,281.1842,278.34045,275.15295,273.4967,275.1217
279.1842,279.21545,278.77795,278.34045,278.2467,276.96545,277.40295,276.90295,277.27795,275.6842,275.2467,275.2467,275.8092,274.21545,273.5592,275.0592,277.0592,278.5592,278.4967,276.0592,274.7467,277.0592,278.8717,279.21545,280.9967,280.96545,280.90295,281.71545,284.6842,285.90295,284.59045,281.15295,280.15295,278.6217,281.90295,284.15295,282.90295,281.4967,280.1842,279.59045,279.15295,278.65295,277.0592,274.52795,272.90295,272.90295,273.77795,275.09045,276.1217,277.09045,277.6842,278.2467,280.1217,282.15295,281.02795,277.3717,272.4342,274.4342,274.6217,274.09045,274.96545
277.7467,277.3717,277.52795,277.7467,277.5592,277.40295,277.4967,273.6842,274.65295,274.02795,274.27795,274.84045,275.15295,276.2467,275.9967,275.34045,275.09045,275.46545,277.9342,278.27795,278.40295,281.09045,281.40295,281.15295,280.34045,276.59045,280.0592,282.8717,283.7467,285.5592,285.34045,284.34045,282.77795,280.46545,278.59045,279.0592,280.0592,282.27795,284.46545,282.84045,281.40295,281.40295,282.46545,282.15295,278.90295,278.02795,279.84045,281.52795,281.46545,281.77795,280.8717,280.46545,278.1842,277.27795,274.7467,274.40295,275.6842,274.5592,274.3092,275.9967,276.1842
281.52795,277.90295,277.40295,277.4342,276.8092,278.52795,276.27795,274.8092,272.77795,269.5592,266.65295,262.9967,266.15295,267.27795,270.1842,272.65295,274.4342,275.34045,277.5592,277.1217,278.6842,281.9342,281.5592,279.1217,279.6842,277.5592,276.9342,279.52795,282.27795,285.1842,285.71545,285.0592,285.02795,281.96545,280.2467,278.5592,279.77795,281.52795,284.65295,287.59045,284.9342,284.1217,283.0592,280.84045,280.6217,280.15295,279.8092,281.6842,282.15295,281.9967,280.6842,283.9967,281.65295,280.40295,276.90295,276.46545,276.21545,275.71545,275.09045,276.8092,275.6842
281.84045,280.84045,276.84045,275.77795,276.7467,277.34045,276.34045,266.4342,262.6217,271.6217,263.9342,274.02795,276.84045,277.90295,275.9967,277.5592,277.21545,276.8717,277.4342,278.7467,280.71545,280.3092,280.2467,278.8717,278.96545,279.46545,277.9967,280.21545,280.84045,283.3717,284.6217,283.46545,283.7467,283.3717,282.3717,282.15295,286.15295,284.46545,283.84045,282.6217,282.59045,285.02795,283.40295,283.1217,283.3092,281.3092,279.96545,279.8717,281.7467,285.52795,284.0592,284.1217,283.40295,285.1217,280.02795,275.7467,276.8717,274.9342,272.3092,281.09045,278.9967
280.4342,280.40295,279.4967,273.8092,273.96545,276.8092,268.65295,265.46545,273.8092,273.90295,279.27795,278.6217,278.7467,279.8717,279.1217,276.3092,279.6842,282.09045,282.6217,283.8717,282.1842,281.3092,280.3092,280.0592,280.02795,279.90295,280.6217,281.3717,281.1217,281.71545,282.5592,282.52795,283.8717,284.15295,279.0592,277.1217,284.34045,284.6842,281.90295,282.77795,282.34045,282.6217,281.4342,281.40295,281.8092,282.3717,282.8092,282.02795,284.4967,285.3092,283.7467,283.7467,276.2467,276.6842,281.4967,274.3092,278.2467,276.0592,271.34045,273.15295,284.9342
279.3092,279.46545,279.6217,278.0592,277.1217,276.5592,273.6842,271.02795,275.9342,279.6842,279.3717,276.52795,276.1842,279.8092,279.3717,281.15295,282.02795,277.3717,279.2467,278.1217,280.40295,280.9967,278.8092,281.77795,280.52795,281.4342,281.77795,280.8092,280.6217,281.9342,283.8092,283.90295,283.8717,283.9342,284.1842,284.09045,285.02795,285.4342,285.09045,284.2467,275.1842,278.84045,274.15295,279.3717,280.3092,281.8717,282.6842,282.5592,285.2467,284.0592,282.84045,282.0592,280.21545,277.9342,275.77795,277.6842,278.52795,276.5592,273.4967,270.3092,273.9342
271.7467,276.6842,278.2467,279.84045,281.9342,278.52795,277.96545,279.4967,283.02795,283.02795,284.21545,279.3717,279.15295,275.8717,279.3092,281.3717,281.8092,283.5592,281.40295,277.8717,275.52795,277.0592,280.6217,277.77795,278.9967,280.4967,281.2467,280.9967,282.6217,284.09045,283.9967,284.2467,284.40295,284.3092,284.15295,284.34045,283.9342,284.6842,285.4342,285.34045,285.21545,283.52795,272.3092,267.1217,276.96545,278.6842,279.34045,279.09045,282.4967,283.46545,282.8717,283.2467,282.59045,281.27795,278.34045,278.4967,279.1217,278.21545,273.1842,272.52795,272.3717
277.59045,280.21545,280.02795,281.65295,282.52795,281.1842,279.7467,280.40295,281.4342,275.1217,284.1842,282.4342,282.0592,278.21545,273.8092,281.8092,282.77795,284.84045,285.4342,283.7467,278.21545,274.4342,276.1842,276.7467,277.65295,283.71545,283.1217,284.52795,284.71545,284.4967,284.59045,284.8717,284.59045,283.1842,281.6217,284.09045,283.9967,284.1217,284.15295,284.7467,284.8092,284.96545,283.90295,281.1842,279.3717,277.2467,277.59045,261.59045,278.4342,284.21545,282.40295,282.9342,283.4342,283.84045,282.65295,274.9967,279.3092,280.6842,277.0592,274.21545,272.9342
277.77795,284.15295,285.34045,282.77795,282.02795,282.4342,281.90295,280.77795,281.1217,278.9967,281.65295,282.40295,283.9342,284.3717,283.21545,280.5592,280.3092,280.40295,281.84045,282.6842,283.9342,278.27795,278.09045,280.6217,280.27795,285.84045,284.2467,287.15295,286.8092,286.65295,287.15295,285.65295,282.8717,280.52795,280.09045,280.96545,282.9342,283.9342,284.09045,285.02795,284.4967,278.2467,276.4342,271.3092,271.7467,275.6217,280.9342,283.77795,275.5592,280.09045,283.0592,282.6842,284.9967,284.1217,285.2467,280.09045,282.1842,280.5592,279.77795,276.77795,274.21545
282.90295,285.71545,284.9342,282.52795,283.0592,282.9342,282.02795,282.09045,281.1842,279.7467,277.8717,282.21545,282.27795,283.65295,283.96545,283.96545,279.1217,283.15295,282.96545,282.0592,280.9342,275.40295,276.0592,286.8717,287.5592,288.27795,286.52795,285.90295,285.8092,281.7467,282.52795,281.7467,280.6217,280.15295,279.6217,279.59045,280.5592,278.77795,276.40295,275.90295,276.7467,276.6217,276.21545,274.1842,276.90295,273.5592,269.90295,282.27795,284.84045,284.8092,284.84045,286.21545,285.15295,279.9967,279.52795,282.6217,283.9967,284.15295,281.65295,278.8717,277.0592
286.15295,286.8092,285.27795,282.4967,281.9967,282.21545,282.27795,282.65295,283.3717,282.0592,283.0592,282.3092,282.15295,282.21545,282.8092,283.1217,285.0592,281.9342,285.2467,283.8717,285.77795,285.4342,277.3092,283.52795,284.7467,288.59045,288.34045,285.27795,282.27795,281.09045,280.0592,279.2467,279.4967,280.40295,279.27795,278.4342,279.3717,275.5592,277.4342,280.84045,279.7467,276.4967,277.7467,275.3092,274.21545,276.65295,273.65295,277.6217,276.2467,286.02795,287.02795,285.84045,286.59045,288.6217,282.7467,277.40295,280.1217,285.59045,284.71545,283.52795,281.4342
286.71545,286.71545,285.96545,284.15295,282.65295,281.6842,282.1842,282.9967,283.40295,283.52795,283.52795,283.4967,283.0592,282.8717,278.40295,275.02795,280.5592,283.96545,286.65295,285.46545,283.90295,286.1842,275.3717,278.77795,283.90295,288.6217,288.9342,287.0592,280.02795,281.90295,281.52795,279.65295,279.3717,279.84045,279.71545,275.96545,278.46545,278.09045,276.1842,280.2467,282.3717,281.7467,279.1217,274.1217,271.65295,280.15295,276.27795,274.8717,274.4342,287.27795,286.6842,287.8092,287.27795,289.02795,285.21545,284.5592,282.21545,272.84045,277.7467,285.3092,283.9967
286.8717,286.59045,286.6842,286.02795,285.27795,285.02795,285.7467,285.7467,284.9342,284.34045,282.8717,283.8717,284.09045,284.27795,284.52795,278.3717,285.46545,285.96545,287.1842,286.2467,286.7467,286.02795,281.71545,282.90295,288.8092,287.8092,286.9967,288.4967,285.7467,280.4342,277.15295,285.5592,272.4342,281.3092,275.1842,286.4967,285.4342,279.71545,284.96545,283.15295,283.09045,282.1842,282.8092,281.34045,277.71545,273.8717,274.1217,272.4967,273.3717,275.8092,279.6217,287.0592,288.02795,288.27795,288.27795,283.77795,274.4967,277.02795,270.96545,268.65295,281.15295
