frontend/src/assets/file/spot/msl.json
{"header": {"discipline":0,"disciplineName":"Meteorological products","gribEdition":2,"gribLength":97936,"center":98,"centerName":"European Center for Medium-Range Weather Forecasts (RSMC)","subcenter":0,"refTime":"2019-04-26T12:00:00.000Z","significanceOfRT":1,"significanceOfRTName":"Start of forecast","productStatus":0,"productStatusName":"Operational products","productType":1,"productTypeName":"Forecast products","productDefinitionTemplate":0,"productDefinitionTemplateName":"Analysis/forecast at horizontal level/layer at a point in time","parameterCategory":3,"parameterCategoryName":"Mass","parameterNumber":0,"parameterNumberName":"Pressure","parameterUnit":"Pa","genProcessType":0,"genProcessTypeName":"Analysis","forecastTime":24,"surface1Type":101,"surface1TypeName":"Mean sea level","surface1Value":-9.999E-252,"surface2Type":255,"surface2TypeName":"Missing","surface2Value":-9.999E-252,"gridDefinitionTemplate":0,"gridDefinitionTemplateName":"Latitude_Longitude","numberPoints":65160,"shape":6,"shapeName":"Earth spherical with radius of 6,371,229.0 m","gridUnits":"degrees","resolution":48,"winds":"true","scanMode":0,"nx":360,"ny":181,"basicAngle":0,"lo1":0.0,"la1":90.0,"lo2":359.0,"la2":-90.0,"dx":1.0,"dy":1.0}, "data":
[rows 104 to 129 of 181, columns 60 to 119 of 360]
100978.94,100994.94,100986.94,101006.94,101014.94,101014.94,101018.94,101022.94,101018.94,101014.94,101018.94,101018.94,100986.94,100966.94,100950.94,100930.94,100902.94,100858.94,100830.94,100794.94,100742.94,100670.94,100594.94,100494.94,100358.94,100254.94,100094.94,99994.94,99874.94,99810.94,99862.94,100146.94,100306.94,100490.94,100610.94,100710.94,100810.94,100890.94,100930.94,100954.94,100966.94,100974.94,100990.94,101034.94,101054.94,101054.94,101058.94,101070.94,101078.94,101094.94,101094.94,101090.94,101090.94,101094.94,101098.94,101110.94,101122.94,101142.94,101154.94,101170.94
101030.94,101038.94,101062.94,101074.94,101082.94,101078.94,101082.94,101090.94,101082.94,101078.94,101082.94,101070.94,101038.94,101022.94,100994.94,100958.94,100942.94,100902.94,100854.94,100822.94,100770.94,100710.94,100630.94,100514.94,100382.94,100218.94,100026.94,99930.94,99502.94,98946.94,99506.94,99994.94,100242.94,100466.94,100622.94,100722.94,100834.94,100922.94,100946.94,100990.94,101002.94,101022.94,101046.94,101082.94,101090.94,101102.94,101106.94,101122.94,101134.94,101146.94,101154.94,101146.94,101142.94,101146.94,101142.94,101146.94,101158.94,101178.94,101198.94,101198.94
101090.94,101090.94,101102.94,101118.94,101118.94,101138.94,101138.94,101138.94,101150.94,101138.94,101126.94,101118.94,101106.94,101086.94,101070.94,101038.94,101006.94,100962.94,100926.94,100886.94,100834.94,100762.94,100694.94,100574.94,100450.94,100294.94,100090.94,99934.94,99250.94,96550.94,99258.94,99926.94,100218.94,100478.94,100638.94,100738.94,100858.94,100930.94,100974.94,101030.94,101058.94,101086.94,101106.94,101126.94,101146.94,101158.94,101162.94,101178.94,101186.94,101210.94,101206.94,101202.94,101202.94,101198.94,101194.94,101194.94,101198.94,101234.94,101222.94,101234.94
101158.94,101154.94,101162.94,101170.94,101178.94,101186.94,101202.94,101198.94,101198.94,101198.94,101194.94,101182.94,101170.94,101150.94,101118.94,101086.94,101054.94,101014.94,100978.94,100914.94,100886.94,100818.94,100750.94,100654.94,100514.94,100358.94,100174.94,100038.94,99754.94,99550.94,99718.94,100058.94,100274.94,100494.94,100654.94,100762.94,100878.94,100934.94,101018.94,101070.94,101110.94,101142.94,101158.94,101186.94,101198.94,101214.94,101226.94,101238.94,101246.94,101266.94,101270.94,101262.94,101258.94,101258.94,101254.94,101242.94,101250.94,101266.94,101278.94,101270.94
101230.94,101226.94,101234.94,101238.94,101258.94,101266.94,101274.94,101286.94,101282.94,101282.94,101286.94,101270.94,101250.94,101234.94,101210.94,101174.94,101134.94,101086.94,101042.94,100998.94,100946.94,100898.94,100842.94,100746.94,100610.94,100478.94,100346.94,100218.94,100098.94,100050.94,100122.94,100274.94,100390.94,100582.94,100702.94,100822.94,100926.94,100986.94,101058.94,101126.94,101162.94,101190.94,101206.94,101250.94,101254.94,101262.94,101274.94,101290.94,101306.94,101318.94,101318.94,101314.94,101310.94,101318.94,101322.94,101310.94,101314.94,101330.94,101334.94,101298.94
101302.94,101310.94,101310.94,101322.94,101342.94,101346.94,101362.94,101370.94,101362.94,101358.94,101366.94,101358.94,101350.94,101342.94,101326.94,101274.94,101222.94,101178.94,101122.94,101082.94,101030.94,100994.94,100942.94,100850.94,100738.94,100634.94,100522.94,100402.94,100378.94,100346.94,100374.94,100442.94,100510.94,100670.94,100770.94,100890.94,100970.94,101038.94,101106.94,101194.94,101194.94,101250.94,101274.94,101294.94,101314.94,101322.94,101338.94,101342.94,101350.94,101354.94,101366.94,101362.94,101366.94,101378.94,101378.94,101382.94,101382.94,101374.94,101330.94,101306.94
101378.94,101374.94,101386.94,101402.94,101418.94,101430.94,101446.94,101450.94,101458.94,101458.94,101454.94,101442.94,101450.94,101438.94,101426.94,101390.94,101342.94,101286.94,101230.94,101174.94,101110.94,101074.94,101042.94,100974.94,100890.94,100806.94,100722.94,100622.94,100554.94,100546.94,100574.94,100602.94,100662.94,100754.94,100850.94,100950.94,101042.94,101078.94,101166.94,101234.94,101258.94,101298.94,101326.94,101358.94,101378.94,101378.94,101382.94,101386.94,101394.94,101406.94,101410.94,101422.94,101430.94,101422.94,101434.94,101434.94,101430.94,101386.94,101378.94,101358.94
101410.94,101434.94,101462.94,101490.94,101518.94,101526.94,101534.94,101542.94,101538.94,101546.94,101518.94,101510.94,101498.94,101502.94,101498.94,101474.94,101442.94,101406.94,101342.94,101270.94,101210.94,101170.94,101126.94,101086.94,101034.94,100962.94,100922.94,100862.94,100802.94,100734.94,100734.94,100742.94,100774.94,100858.94,100962.94,101046.94,101134.94,101170.94,101230.94,101270.94,101330.94,101354.94,101390.94,101418.94,101434.94,101426.94,101430.94,101430.94,101446.94,101458.94,101454.94,101466.94,101486.94,101466.94,101486.94,101466.94,101410.94,101458.94,101434.94,101466.94
101462.94,101502.94,101534.94,101554.94,101578.94,101602.94,101618.94,101622.94,101622.94,101638.94,101602.94,101626.94,101606.94,101586.94,101582.94,101574.94,101546.94,101510.94,101470.94,101402.94,101354.94,101302.94,101242.94,101198.94,101154.94,101114.94,101066.94,101042.94,101022.94,101014.94,100966.94,101010.94,100950.94,100954.94,101074.94,101142.94,101250.94,101278.94,101286.94,101318.94,101382.94,101422.94,101442.94,101470.94,101486.94,101482.94,101482.94,101486.94,101494.94,101506.94,101506.94,101518.94,101530.94,101474.94,101526.94,101502.94,101494.94,101570.94,101598.94,101630.94
101518.94,101566.94,101614.94,101630.94,101662.94,101666.94,101702.94,101722.94,101726.94,101726.94,101726.94,101722.94,101714.94,101710.94,101674.94,101650.94,101630.94,101606.94,101582.94,101530.94,101478.94,101418.94,101358.94,101314.94,101282.94,101238.94,101210.94,101190.94,101150.94,101194.94,101166.94,101134.94,101170.94,101134.94,101254.94,101362.94,101406.94,101398.94,101378.94,101410.94,101442.94,101486.94,101510.94,101526.94,101514.94,101526.94,101530.94,101526.94,101518.94,101546.94,101558.94,101566.94,101562.94,101530.94,101542.94,101486.94,101510.94,101542.94,101714.94,101826.94
101582.94,101646.94,101686.94,101714.94,101730.94,101766.94,101774.94,101790.94,101806.94,101818.94,101830.94,101838.94,101826.94,101790.94,101758.94,101726.94,101722.94,101702.94,101678.94,101634.94,101570.94,101542.94,101490.94,101438.94,101402.94,101374.94,101334.94,101318.94,101330.94,101314.94,101322.94,101290.94,101322.94,101342.94,101446.94,101558.94,101562.94,101550.94,101494.94,101498.94,101538.94,101558.94,101570.94,101578.94,101562.94,101570.94,101566.94,101562.94,101558.94,101570.94,101582.94,101602.94,101590.94,101594.94,101542.94,101586.94,101638.94,101730.94,101738.94,101830.94
101630.94,101682.94,101734.94,101782.94,101806.94,101826.94,101854.94,101874.94,101894.94,101894.94,101886.94,101910.94,101894.94,101882.94,101866.94,101826.94,101802.94,101794.94,101782.94,101742.94,101706.94,101650.94,101626.94,101582.94,101534.94,101490.94,101466.94,101430.94,101422.94,101414.94,101378.94,101402.94,101446.94,101474.94,101534.94,101610.94,101638.94,101630.94,101590.94,101622.94,101626.94,101626.94,101642.94,101630.94,101622.94,101602.94,101610.94,101602.94,101590.94,101606.94,101630.94,101646.94,101646.94,101626.94,101598.94,101654.94,101714.94,101794.94,101846.94,101930.94
101710.94,101738.94,101782.94,101838.94,101890.94,101906.94,101930.94,101950.94,101990.94,101998.94,101986.94,101982.94,101986.94,101974.94,101958.94,101918.94,101930.94,101906.94,101886.94,101838.94,101782.94,101758.94,101742.94,101710.94,101674.94,101634.94,101594.94,101550.94,101510.94,101502.94,101526.94,101530.94,101534.94,101562.94,101594.94,101646.94,101674.94,101646.94,101642.94,101666.94,101682.94,101682.94,101710.94,101686.94,101682.94,101650.94,101650.94,101646.94,101638.94,101658.94,101686.94,101706.94,101702.94,101666.94,101674.94,101734.94,101814.94,101874.94,101938.94,102018.94
101758.94,101798.94,101846.94,101906.94,101938.94,101966.94,101998.94,102042.94,102062.94,102078.94,102086.94,102058.94,102050.94,102050.94,102042.94,102018.94,101986.94,101974.94,101966.94,101942.94,101910.94,101858.94,101814.94,101810.94,101786.94,101762.94,101722.94,101682.94,101642.94,101606.94,101594.94,101586.94,101602.94,101614.94,101618.94,101642.94,101670.94,101670.94,101690.94,101714.94,101730.94,101722.94,101750.94,101750.94,101714.94,101698.94,101686.94,101686.94,101706.94,101726.94,101754.94,101774.94,101782.94,101778.94,101762.94,101846.94,101894.94,101982.94,102050.94,102114.94
101818.94,101858.94,101918.94,101954.94,101994.94,102038.94,102078.94,102114.94,102130.94,102146.94,102150.94,102138.94,102122.94,102110.94,102106.94,102098.94,102082.94,102046.94,102026.94,102010.94,101978.94,101950.94,101918.94,101898.94,101878.94,101854.94,101830.94,101802.94,101762.94,101726.94,101674.94,101642.94,101610.94,101610.94,101642.94,101666.94,101662.94,101674.94,101682.94,101714.94,101746.94,101774.94,101754.94,101770.94,101750.94,101734.94,101710.94,101726.94,101754.94,101778.94,101810.94,101842.94,101854.94,101838.94,101810.94,101914.94,101982.94,102090.94,102166.94,102238.94
101874.94,101910.94,101970.94,102018.94,102050.94,102086.94,102126.94,102154.94,102174.94,102178.94,102186.94,102186.94,102174.94,102162.94,102158.94,102154.94,102146.94,102106.94,102078.94,102062.94,102038.94,102014.94,101986.94,101962.94,101930.94,101918.94,101902.94,101874.94,101838.94,101802.94,101766.94,101706.94,101634.94,101622.94,101650.94,101670.94,101670.94,101690.94,101694.94,101734.94,101746.94,101746.94,101762.94,101754.94,101770.94,101758.94,101742.94,101746.94,101798.94,101830.94,101862.94,101902.94,101938.94,101934.94,101914.94,101958.94,102062.94,102146.94,102242.94,102330.94
101894.94,101958.94,102010.94,102062.94,102110.94,102130.94,102158.94,102190.94,102206.94,102206.94,102214.94,102226.94,102218.94,102202.94,102210.94,102202.94,102194.94,102150.94,102130.94,102110.94,102086.94,102058.94,102030.94,102010.94,101986.94,101950.94,101930.94,101914.94,101890.94,101854.94,101818.94,101778.94,101726.94,101670.94,101646.94,101650.94,101662.94,101682.94,101710.94,101734.94,101742.94,101738.94,101738.94,101738.94,101742.94,101754.94,101758.94,101770.94,101822.94,101874.94,101902.94,101958.94,102010.94,102006.94,102014.94,102002.94,102118.94,102178.94,102278.94,102374.94
101910.94,101974.94,102038.94,102086.94,102134.94,102154.94,102178.94,102210.94,102230.94,102238.94,102254.94,102250.94,102262.94,102262.94,102262.94,102258.94,102250.94,102226.94,102198.94,102174.94,102146.94,102118.94,102082.94,102050.94,102022.94,101986.94,101962.94,101914.94,101890.94,101878.94,101850.94,101806.94,101786.94,101738.94,101694.94,101658.94,101622.94,101654.94,101666.94,101678.94,101710.94,101710.94,101710.94,101730.94,101726.94,101734.94,101758.94,101786.94,101850.94,101906.94,101938.94,102002.94,102070.94,102094.94,102102.94,102082.94,102162.94,102250.94,102318.94,102398.94
101898.94,101974.94,102042.94,102106.94,102146.94,102170.94,102190.94,102222.94,102246.94,102266.94,102290.94,102310.94,102326.94,102334.94,102326.94,102326.94,102306.94,102290.94,102270.94,102238.94,102206.94,102174.94,102138.94,102098.94,102062.94,102038.94,102006.94,101974.94,101910.94,101858.94,101838.94,101818.94,101774.94,101754.94,101722.94,101678.94,101646.94,101590.94,101618.94,101634.94,101646.94,101666.94,101690.94,101714.94,101718.94,101702.94,101746.94,101790.94,101850.94,101918.94,101966.94,102038.94,102110.94,102154.94,102162.94,102162.94,102202.94,102302.94,102354.94,102422.94
101914.94,101994.94,102046.94,102110.94,102154.94,102190.94,102218.94,102242.94,102266.94,102302.94,102334.94,102358.94,102390.94,102398.94,102362.94,102354.94,102330.94,102334.94,102298.94,102266.94,102222.94,102174.94,102134.94,102090.94,102058.94,102030.94,102006.94,101986.94,101954.94,101898.94,101834.94,101782.94,101742.94,101706.94,101686.94,101678.94,101638.94,101598.94,101550.94,101558.94,101582.94,101602.94,101638.94,101682.94,101690.94,101710.94,101730.94,101786.94,101838.94,101906.94,101970.94,102050.94,102130.94,102182.94,102218.94,102218.94,102278.94,102350.94,102398.94,102454.94
101906.94,102006.94,102054.94,102102.94,102150.94,102190.94,102226.94,102254.94,102294.94,102346.94,102382.94,102402.94,102418.94,102418.94,102390.94,102378.94,102354.94,102338.94,102306.94,102266.94,102226.94,102186.94,102150.94,102106.94,102074.94,102038.94,102006.94,101966.94,101922.94,101878.94,101818.94,101774.94,101730.94,101678.94,101634.94,101602.94,101586.94,101554.94,101506.94,101466.94,101486.94,101526.94,101558.94,101618.94,101662.94,101666.94,101706.94,101766.94,101814.94,101882.94,101958.94,102034.94,102122.94,102190.94,102242.94,102270.94,102298.94,102366.94,102418.94,102490.94
101910.94,101978.94,102046.94,102094.94,102154.94,102206.94,102246.94,102294.94,102350.94,102390.94,102414.94,102414.94,102422.94,102418.94,102410.94,102398.94,102378.94,102346.94,102326.94,102282.94,102226.94,102182.94,102134.94,102102.94,102038.94,102002.94,101974.94,101914.94,101866.94,101810.94,101770.94,101710.94,101674.94,101638.94,101594.94,101534.94,101490.94,101470.94,101454.94,101426.94,101382.94,101426.94,101470.94,101526.94,101582.94,101630.94,101658.94,101722.94,101778.94,101846.94,101914.94,102006.94,102090.94,102170.94,102238.94,102290.94,102298.94,102334.94,102422.94,102494.94
101850.94,101942.94,102026.94,102086.94,102150.94,102206.94,102278.94,102330.94,102374.94,102406.94,102418.94,102438.94,102438.94,102434.94,102422.94,102398.94,102374.94,102338.94,102298.94,102250.94,102202.94,102138.94,102098.94,102050.94,101986.94,101930.94,101870.94,101818.94,101774.94,101718.94,101678.94,101634.94,101590.94,101546.94,101506.94,101478.94,101406.94,101354.94,101342.94,101346.94,101310.94,101290.94,101354.94,101398.94,101466.94,101542.94,101606.94,101670.94,101726.94,101794.94,101862.94,101950.94,102046.94,102130.94,102210.94,102278.94,102334.94,102370.94,102430.94,102502.94
101814.94,101902.94,101998.94,102090.94,102174.94,102254.94,102290.94,102350.94,102382.94,102406.94,102422.94,102446.94,102434.94,102418.94,102402.94,102378.94,102350.94,102318.94,102266.94,102210.94,102154.94,102102.94,102038.94,101978.94,101906.94,101846.94,101794.94,101738.94,101666.94,101626.94,101558.94,101506.94,101438.94,101418.94,101362.94,101330.94,101302.94,101250.94,101214.94,101202.94,101202.94,101190.94,101202.94,101286.94,101326.94,101426.94,101498.94,101578.94,101650.94,101714.94,101802.94,101882.94,101982.94,102070.94,102154.94,102230.94,102306.94,102362.94,102418.94,102482.94
101790.94,101862.94,101966.94,102086.94,102166.94,102234.94,102294.94,102338.94,102362.94,102394.94,102406.94,102410.94,102414.94,102386.94,102370.94,102354.94,102314.94,102274.94,102218.94,102162.94,102102.94,102050.94,101966.94,101894.94,101830.94,101754.94,101686.94,101622.94,101558.94,101482.94,101410.94,101354.94,101294.94,101250.94,101210.94,101174.94,101134.94,101110.94,101090.94,101050.94,101054.94,101066.94,101078.94,101102.94,101194.94,101266.94,101378.94,101454.94,101538.94,101598.94,101686.94,101782.94,101878.94,101994.94,102078.94,102162.94,102242.94,102326.94,102398.94,102462.94
101758.94,101834.94,101922.94,102018.94,102142.94,102198.94,102254.94,102314.94,102346.94,102358.94,102366.94,102378.94,102378.94,102358.94,102326.94,102298.94,102262.94,102202.94,102154.94,102090.94,102022.94,101942.94,101878.94,101806.94,101718.94,101642.94,101562.94,101486.94,101410.94,101334.94,101258.94,101194.94,101122.94,101046.94,100982.94,100938.94,100914.94,100894.94,100874.94,100866.94,100854.94,100878.94,100902.94,100914.94,100998.94,101094.94,101206.94,101314.94,101394.94,101482.94,101554.94,101662.94,101762.94,101874.94,101986.94,102078.94,102170.94,102234.94,102302.94,102386.94
