frontend/src/assets/file/spot/sst.json
{"header": {"discipline":10,"disciplineName":"Oceanographic products","gribEdition":2,"gribLength":520036,"center":98,"centerName":"European Center for Medium-Range Weather Forecasts (RSMC)","subcenter":0,"refTime":"2019-04-26T12:00:00.000Z","significanceOfRT":1,"significanceOfRTName":"Start of forecast","productStatus":0,"productStatusName":"Operational products","productType":1,"productTypeName":"Forecast products","productDefinitionTemplate":0,"productDefinitionTemplateName":"Analysis/forecast at horizontal level/layer at a point in time","parameterCategory":3,"parameterCategoryName":"Surface_Properties","parameterNumber":0,"parameterNumberName":"Water_temperature","parameterUnit":"K","genProcessType":0,"genProcessTypeName":"Analysis","forecastTime":66,"surface1Type":1,"surface1TypeName":"Ground or water surface","surface1Value":-9.999E-252,"surface2Type":255,"surface2TypeName":"Missing","surface2Value":-9.999E-252,"gridDefinitionTemplate":0,"gridDefinitionTemplateName":"Latitude_Longitude","numberPoints":259920,"shape":6,"shapeName":"Earth spherical with radius of 6,371,229.0 m","gridUnits":"degrees","resolution":48,"winds":"true","scanMode":0,"nx":720,"ny":361,"basicAngle":0,"lo1":0.0,"la1":90.0,"lo2":359.5,"la2":-90.0,"dx":0.5,"dy":0.5}, "data":
[rows 297 to 323 of 361, columns 60 to 119 of 720]
273.9636,273.9216,273.9714,274.20187,274.15598,274.02316,274.3054,274.15207,274.21457,274.26633,274.14426,274.42648,274.50754,274.44894,274.6257,274.53293,274.3259,274.29074,273.98508,273.94504,273.8513,273.89328,273.9128,273.78098,273.78,273.9382,274.15012,274.0847,274.1335,274.33957,274.5085,274.1755,273.8718,273.88937,274.2888,274.65012,274.69308,275.01535,274.74973,274.69308,274.54074,274.27414,274.31027,274.39035,274.09152,274.11105,274.46262,274.30246,274.26047,274.31906,274.3132,274.23605,274.25656,274.39035,274.49387,274.821,274.68918,274.5798,274.5173,274.35422
273.63937,273.6179,273.61984,273.42062,273.42258,273.5095,273.64426,273.9802,274.15207,273.95187,273.99094,274.03586,274.23898,274.363,274.2214,274.2722,274.28195,274.17258,274.31027,274.1511,273.90305,273.86203,273.62766,273.7507,274.05344,274.0925,274.0544,273.97043,273.99484,274.17355,274.0388,273.9177,273.90305,273.9216,274.2253,274.34933,274.47043,274.7546,274.6013,274.4636,274.29074,274.4841,274.5505,274.45187,274.53195,274.39816,274.08273,274.03,274.1296,274.24582,274.5134,274.6472,274.697,274.80344,274.77023,274.68332,274.53,274.40305,274.33078,274.54953
273.49777,273.51144,273.43918,273.82883,273.70578,273.37375,273.35617,273.5212,273.84738,274.0759,273.9753,273.93332,273.97922,274.24777,274.17453,274.1091,274.07492,274.17844,274.17453,274.11594,273.61594,273.44406,273.4675,273.59445,274.02414,274.0007,274.05734,274.22922,274.4968,274.33664,274.0085,274.11984,273.863,273.87668,273.86984,274.0378,274.5378,274.51535,274.3796,274.34152,274.1804,274.04562,274.02414,274.0261,273.98996,274.21457,274.09543,273.97238,274.08762,274.1843,274.52512,274.90012,274.75168,274.45773,274.34152,274.41867,274.50656,274.46262,274.60617,274.5593
273.9138,273.78586,273.52512,273.60715,273.81223,273.6296,273.73703,273.9636,273.9753,274.0554,273.85324,273.92258,274.05832,273.90598,273.59543,273.90793,274.11887,274.00363,273.8386,273.44113,273.40305,273.3845,273.54172,273.76242,273.88156,273.92648,274.01535,273.91476,273.9587,274.14328,274.09738,273.96164,273.92258,273.87766,273.84933,273.97824,273.9089,273.98996,274.27316,274.27023,274.08566,274.01926,274.02805,273.83273,273.83176,273.8347,273.96945,273.9929,274.12277,274.24582,274.23312,274.31223,274.34543,274.33762,274.26633,274.15695,274.31027,274.322,274.48605,274.66476
273.68137,273.63156,273.48898,273.32394,273.76926,273.9421,273.67062,273.47922,273.59055,273.85422,273.85324,273.48312,273.43723,273.62863,273.67062,273.96555,273.98996,273.76535,273.84933,273.5544,273.53098,273.63547,273.6462,273.62863,273.71945,273.77512,273.85422,273.87277,273.77805,273.8298,273.9343,273.9128,273.75363,273.82785,273.91867,273.99094,273.9929,274.0007,273.94894,273.94016,273.94406,274.00168,273.86984,273.79074,273.71457,273.7214,273.89426,273.947,273.97726,273.93137,273.79855,273.83078,273.97922,274.0007,273.84543,273.89035,274.06613,274.14816,274.20285,274.197
273.2634,273.32492,273.16476,273.23703,273.31125,273.43723,273.73312,273.58664,273.29562,273.35226,273.40793,273.47824,273.60226,273.69504,273.76047,273.68137,273.613,273.58078,273.4421,273.33176,273.3386,273.47336,273.49973,273.48605,273.51144,273.5173,273.6589,273.77414,273.67062,273.77707,273.8962,273.83566,273.86984,273.86496,273.74777,273.82785,273.8757,273.8845,273.9343,273.94406,273.88742,273.89914,273.76437,273.66867,273.6628,273.79953,273.8093,273.77707,273.88547,273.8845,273.94992,273.9089,273.84152,273.9255,273.84836,273.7263,273.71848,273.93332,273.9587,273.92844
273.47433,273.37766,273.32883,273.2214,273.43918,273.4929,273.363,273.3132,273.2087,273.1794,273.26828,273.1589,273.37375,273.52902,273.63547,273.71066,273.5964,273.51828,273.52512,273.3923,273.47238,273.3513,273.37277,273.3513,273.23312,273.3044,273.50754,273.59445,273.447,273.36008,273.36887,273.53293,273.71555,273.56613,273.62277,273.84933,273.8796,273.67453,273.65695,273.75168,273.6052,273.75558,273.8679,273.7722,273.8337,273.73312,273.68527,273.66867,273.71652,273.78488,273.87863,274.0173,273.85812,273.7048,273.76633,273.79855,273.72824,273.73996,273.80148,273.68918
273.1921,273.30832,273.2136,273.03098,272.91183,272.85617,272.93723,273.2263,273.3757,273.3347,273.27902,273.16867,273.01828,273.13644,273.3845,273.32785,273.19113,272.9802,272.9841,273.09836,273.2546,273.38156,273.39133,273.41867,273.2087,273.0798,273.05734,273.03586,273.10422,273.2595,273.447,273.42453,273.49777,273.57492,273.52805,273.55148,273.56223,273.42648,273.3503,273.50558,273.54562,273.65695,273.80734,273.70773,273.8132,273.84445,273.77512,273.65207,273.63254,273.73703,273.79465,273.71848,273.63156,273.65305,273.68625,273.71848,273.67453,273.6218,273.60226,273.53488
273.10617,273.07297,272.98117,272.86887,272.70676,272.74777,272.8347,272.74387,272.79855,273.03976,273.03488,272.93918,272.9382,272.8972,273.2927,273.28098,272.9841,272.98508,273.2341,273.17062,273.1052,273.2048,273.2136,273.06613,272.98605,273.05344,273.0554,273.00266,273.10324,273.22336,273.22922,273.20187,273.25266,273.44797,273.5378,273.39328,273.27316,273.28586,273.29953,273.37668,273.4929,273.52512,273.49582,273.50656,273.4343,273.35617,273.34445,273.3513,273.32785,273.44504,273.54953,273.58176,273.62082,273.69113,273.73215,273.69992,273.57785,273.33176,273.19308,273.2878
273.02512,272.90207,272.78976,272.61887,272.63937,272.75363,272.77902,272.80734,272.81125,272.7722,272.7302,272.70187,272.7761,272.86008,272.85812,272.87082,273.1003,273.07492,272.9128,272.94308,272.82297,272.81808,272.92258,272.83078,272.81613,272.92844,272.99777,273.03098,273.0837,273.04855,272.98117,272.9714,273.02707,273.12375,273.21652,273.21848,273.16574,273.11984,273.16574,273.3093,273.38937,273.41574,273.41867,273.3259,273.22043,273.071,273.09836,273.24094,273.26047,273.32394,273.3972,273.44308,273.48996,273.53976,273.33957,273.1677,273.1921,273.0505,272.91476,272.91965
272.69992,272.62473,272.5427,272.5466,272.6628,272.72043,272.76047,272.73508,272.7214,272.6628,272.68625,272.70676,272.76144,272.75168,272.79074,272.822,272.85324,272.8425,272.76047,272.7214,272.64816,272.7341,272.81125,272.8464,272.90988,272.98703,272.98215,273.00754,273.04855,273.06223,273.04367,272.97433,272.93527,272.94894,273.0554,273.0339,273.00266,273.06418,273.12766,273.1462,273.10812,273.0085,272.97726,273.0837,273.2546,273.2468,273.16867,273.23215,273.2507,273.2585,273.22043,273.14133,273.11398,273.12082,273.09836,273.05832,272.96164,272.91965,272.822,272.79367
272.54172,272.64035,272.5886,272.59152,272.60617,272.61398,272.7009,272.62375,272.488,272.39816,272.45676,272.5173,272.54172,272.62375,272.66574,272.60422,272.57297,272.67746,272.62863,272.5593,272.61105,272.6589,272.69113,272.76926,272.85226,272.9138,272.947,273.00558,273.04074,273.0466,273.0632,273.10324,273.0505,272.99484,272.9714,273.01242,273.1462,273.23703,273.29074,273.29855,273.23898,273.2136,273.2253,273.27023,273.31223,273.17355,273.0505,273.0593,273.02316,273.01633,272.99777,273.0222,273.08078,273.03683,272.9841,272.95773,272.94406,272.9802,272.96066,272.91672
272.5007,272.49875,272.47433,272.4597,272.4841,272.446,272.322,272.2263,272.26535,272.30637,272.44797,272.4919,272.51828,272.56223,272.61398,272.6003,272.6013,272.60226,272.58762,272.51242,272.49582,272.58566,272.5964,272.6423,272.77316,272.9089,272.92258,272.83957,272.7634,272.76926,272.8132,272.8552,272.8669,272.86398,272.86594,272.946,273.13644,273.3757,273.46164,273.38644,273.2927,273.23898,273.08078,272.95383,273.10226,273.18918,273.28586,273.24777,273.21652,273.14133,273.12277,273.14523,273.01437,272.84152,272.82004,272.88254,272.96457,273.00754,272.97336,272.87863
272.32687,272.32297,272.34933,272.32492,272.25363,272.28,272.29172,272.2253,272.18527,272.15598,272.2253,272.41965,272.48605,272.33176,272.3835,272.56125,272.5378,272.54074,272.59543,272.6794,272.6384,272.56613,272.6511,272.65695,272.74582,272.78586,272.79172,272.84055,272.8093,272.76535,272.7429,272.69308,272.6921,272.74387,272.66965,272.6589,272.70383,272.80344,273.01047,273.0095,272.88644,272.7761,272.55637,272.40012,272.51828,272.4294,272.37375,272.6755,272.43723,272.3132,272.41867,272.42844,272.39426,272.37082,272.51242,272.71066,272.92258,272.9421,272.7546,272.7087
272.36594,272.405,272.3513,272.28488,272.2302,272.13058,272.1472,272.2419,272.28293,272.20578,272.17453,272.33664,272.45187,272.48703,272.46652,272.5095,272.62766,272.66476,272.72043,272.7136,272.6638,272.68723,272.7048,272.73508,272.45676,272.38742,272.58762,272.5759,272.51535,272.53683,272.56027,272.56613,272.50754,272.51437,272.46848,272.44406,272.31613,272.1843,272.07004,272.0671,272.00656,272.04855,271.78586,271.59348,271.64035,271.7214,271.6716,271.62863,271.62473,271.6013,271.54562,271.52707,271.55148,271.613,271.76242,271.8337,271.8054,271.81027,271.988,272.072
272.1628,272.18137,272.22922,272.1921,272.14816,272.08957,272.1511,272.238,272.19797,272.13547,272.03195,271.9753,272.17844,272.43332,272.6169,272.6804,272.69797,272.72043,272.70578,272.61105,272.51535,272.5007,272.49973,272.48703,272.37277,272.44308,272.27902,272.2927,272.25656,272.22043,272.2087,272.21164,272.1589,272.05734,271.9128,271.84055,271.77023,271.67258,271.64133,271.50558,271.4597,271.4597,271.47043,271.5173,273.15988,273.15988,273.15988,273.15988,273.15988,273.15988,273.15988,272.90305,271.50363,271.46652,271.488,271.4675,271.4597,271.4636,271.48215,271.52414
272.04562,272.0505,272.07883,272.0671,272.05832,271.96848,271.97922,272.02316,271.91672,271.82394,271.84836,271.94016,272.07883,272.2341,272.42844,272.66086,272.85422,272.97433,272.9763,272.9138,272.76242,272.4919,272.48117,272.4714,272.36984,272.3347,272.1218,271.90988,271.81808,271.78195,271.72433,271.69113,271.64133,271.59543,271.52902,271.47433,271.46066,271.50558,271.51144,271.4597,271.50656,273.15988,273.15988,273.15988,273.15988,273.15988,273.15988,273.15988,273.15988,273.15988,273.15988,273.15988,273.15988,273.15988,272.4675,271.50558,271.4597,271.46555,271.4597,271.4597
271.9763,271.94113,271.9421,271.98996,272.01047,271.863,271.78,271.86008,271.9011,271.8718,271.8347,271.90305,272.11984,272.27023,272.35812,272.58078,272.80344,272.8503,272.74094,272.59738,272.447,272.33957,272.25266,272.07492,271.8259,271.60324,271.60324,271.60226,271.56223,271.52902,271.50363,271.50168,271.48117,271.4597,271.46164,271.52512,271.54367,272.43625,273.15988,272.67746,271.5222,272.38156,273.15988,273.15988,273.15988,273.15988,273.15988,273.15988,273.15988,273.15988,273.15988,273.15988,273.15988,273.15988,271.52316,272.43625,271.48605,271.49973,271.51242,271.49484
271.7722,271.7927,271.7595,271.7712,271.69016,271.54855,271.48605,271.5046,271.53195,271.61496,271.76633,271.78586,271.67648,271.62277,271.63742,271.76047,271.8962,272.02707,272.10715,271.8962,271.58664,271.47336,271.48117,271.46945,271.46262,271.4675,271.46555,271.4802,271.51535,271.46066,271.49094,271.46066,271.61398,273.15988,273.15988,272.8796,271.6511,272.26633,273.15988,273.15988,273.15988,273.15988,273.15988,273.15988,273.15988,273.15988,273.15988,273.15988,273.15988,273.15988,273.15988,273.15988,273.15988,273.15988,273.15988,273.15988,273.15988,273.15988,273.15988,273.15988
271.51633,271.57492,271.57004,271.52023,271.46262,271.47726,271.48508,271.4763,271.46555,271.4597,271.4597,271.46457,271.4597,271.47238,271.4597,271.4597,271.47043,271.49777,271.4919,271.4597,271.488,271.47726,271.47336,271.55148,271.48215,271.61496,271.57785,271.53,272.82004,272.81906,273.15988,273.15988,273.15988,273.15988,273.15988,273.15988,273.15988,273.15988,273.15988,273.15988,273.15988,273.15988,273.15988,273.15988,273.15988,273.15988,273.15988,273.15988,273.15988,273.15988,273.15988,273.15988,273.15988,273.15988,273.15988,273.15988,273.15988,273.15988,273.15988,273.15988
271.46652,271.46262,271.46066,271.4675,271.48605,271.4597,271.49777,271.58566,271.5847,271.49387,271.4597,271.4675,271.4597,271.47336,271.4597,271.46066,271.4597,271.4597,271.4763,271.48703,271.4636,271.48703,271.56418,272.98508,273.15988,273.15988,273.15988,273.15988,273.15988,273.15988,273.15988,273.15988,273.15988,273.15988,273.15988,273.15988,273.15988,273.15988,273.15988,273.15988,273.15988,273.15988,273.15988,273.15988,273.15988,273.15988,273.15988,273.15988,273.15988,273.15988,273.15988,273.15988,273.15988,273.15988,273.15988,273.15988,273.15988,273.15988,273.15988,273.15988
271.4597,271.46945,271.5007,271.48215,271.51242,272.15305,273.15988,273.15988,273.15988,273.15988,271.7595,271.5134,271.5173,271.46457,271.50363,271.49094,271.4763,271.50168,271.4714,271.51242,273.15988,273.15988,273.15988,273.15988,273.15988,273.15988,273.15988,273.15988,273.15988,273.15988,273.15988,273.15988,273.15988,273.15988,273.15988,273.15988,273.15988,273.15988,273.15988,273.15988,273.15988,273.15988,273.15988,273.15988,273.15988,273.15988,273.15988,273.15988,273.15988,273.15988,273.15988,273.15988,273.15988,273.15988,273.15988,273.15988,273.15988,273.15988,273.15988,273.15988
273.15988,273.15988,273.15988,273.15988,273.15988,273.15988,273.15988,273.15988,273.15988,273.15988,273.15988,273.15988,273.15988,271.55832,271.47043,271.49777,271.55148,271.54367,271.47726,271.74094,273.15988,273.15988,273.15988,273.15988,273.15988,273.15988,273.15988,273.15988,273.15988,273.15988,273.15988,273.15988,273.15988,273.15988,273.15988,273.15988,273.15988,273.15988,273.15988,273.15988,273.15988,273.15988,273.15988,273.15988,273.15988,273.15988,273.15988,273.15988,273.15988,273.15988,273.15988,273.15988,273.15988,273.15988,273.15988,273.15988,273.15988,273.15988,273.15988,273.15988
273.15988,273.15988,273.15988,273.15988,273.15988,273.15988,273.15988,273.15988,273.15988,273.15988,273.15988,273.15988,273.15988,273.15988,273.15988,273.15988,273.15988,272.27414,273.15988,273.15988,273.15988,273.15988,273.15988,273.15988,273.15988,273.15988,273.15988,273.15988,273.15988,273.15988,273.15988,273.15988,273.15988,273.15988,273.15988,273.15988,273.15988,273.15988,273.15988,273.15988,273.15988,273.15988,273.15988,273.15988,273.15988,273.15988,273.15988,273.15988,273.15988,273.15988,273.15988,273.15988,273.15988,273.15988,273.15988,273.15988,273.15988,273.15988,273.15988,273.15988
273.15988,273.15988,273.15988,273.15988,273.15988,273.15988,273.15988,273.15988,273.15988,273.15988,273.15988,273.15988,273.15988,273.15988,273.15988,273.15988,273.15988,273.15988,273.15988,273.15988,273.15988,273.15988,273.15988,273.15988,273.15988,273.15988,273.15988,273.15988,273.15988,273.15988,273.15988,273.15988,273.15988,273.15988,273.15988,273.15988,273.15988,273.15988,273.15988,273.15988,273.15988,273.15988,273.15988,273.15988,273.15988,273.15988,273.15988,273.15988,273.15988,273.15988,273.15988,273.15988,273.15988,273.15988,273.15988,273.15988,273.15988,273.15988,273.15988,273.15988
273.15988,273.15988,273.15988,273.15988,273.15988,273.15988,273.15988,273.15988,273.15988,273.15988,273.15988,273.15988,273.15988,273.15988,273.15988,273.15988,273.15988,273.15988,273.15988,273.15988,273.15988,273.15988,273.15988,273.15988,273.15988,273.15988,273.15988,273.15988,273.15988,273.15988,273.15988,273.15988,273.15988,273.15988,273.15988,273.15988,273.15988,273.15988,273.15988,273.15988,273.15988,273.15988,273.15988,273.15988,273.15988,273.15988,273.15988,273.15988,273.15988,273.15988,273.15988,273.15988,273.15988,273.15988,273.15988,273.15988,273.15988,273.15988,273.15988,273.15988
273.15988,273.15988,273.15988,273.15988,273.15988,273.15988,273.15988,273.15988,273.15988,273.15988,273.15988,273.15988,273.15988,273.15988,273.15988,273.15988,273.15988,273.15988,273.15988,273.15988,273.15988,273.15988,273.15988,273.15988,273.15988,273.15988,273.15988,273.15988,273.15988,273.15988,273.15988,273.15988,273.15988,273.15988,273.15988,273.15988,273.15988,273.15988,273.15988,273.15988,273.15988,273.15988,273.15988,273.15988,273.15988,273.15988,273.15988,273.15988,273.15988,273.15988,273.15988,273.15988,273.15988,273.15988,273.15988,273.15988,273.15988,273.15988,273.15988,273.15988
