frontend/src/assets/file/spot/sst.json
{"header": {"discipline":10,"disciplineName":"Oceanographic products","gribEdition":2,"gribLength":520036,"center":98,"centerName":"European Center for Medium-Range Weather Forecasts (RSMC)","subcenter":0,"refTime":"2019-04-26T12:00:00.000Z","significanceOfRT":1,"significanceOfRTName":"Start of forecast","productStatus":0,"productStatusName":"Operational products","productType":1,"productTypeName":"Forecast products","productDefinitionTemplate":0,"productDefinitionTemplateName":"Analysis/forecast at horizontal level/layer at a point in time","parameterCategory":3,"parameterCategoryName":"Surface_Properties","parameterNumber":0,"parameterNumberName":"Water_temperature","parameterUnit":"K","genProcessType":0,"genProcessTypeName":"Analysis","forecastTime":66,"surface1Type":1,"surface1TypeName":"Ground or water surface","surface1Value":-9.999E-252,"surface2Type":255,"surface2TypeName":"Missing","surface2Value":-9.999E-252,"gridDefinitionTemplate":0,"gridDefinitionTemplateName":"Latitude_Longitude","numberPoints":259920,"shape":6,"shapeName":"Earth spherical with radius of 6,371,229.0 m","gridUnits":"degrees","resolution":48,"winds":"true","scanMode":0,"nx":720,"ny":361,"basicAngle":0,"lo1":0.0,"la1":90.0,"lo2":359.5,"la2":-90.0,"dx":0.5,"dy":0.5}, "data":
[rows 108 to 134 of 361, columns 360 to 419 of 720]
288.59836,288.89426,289.0544,289.09348,288.51437,288.48898,288.36887,288.0593,288.1677,288.07394,287.92844,288.26535,288.24973,288.0964,288.3005,288.52414,288.55148,287.8962,287.6462,287.28195,287.34152,287.09543,287.13254,287.1003,287.3552,287.54855,287.40695,287.44894,287.20383,287.27023,287.04367,287.02316,287.3347,287.7048,287.74875,287.5046,287.3503,287.5046,287.71848,287.78976,287.88254,288.06516,288.3005,288.43234,288.05246,287.66965,287.57883,287.64523,287.84348,287.84445,287.65793,287.4548,287.5339,287.68234,288.1257,288.26437,288.0173,288.04465,288.14426,288.07394
288.82687,289.21457,289.1091,289.14816,288.99387,288.9011,288.61984,288.61398,288.2927,288.15793,288.16965,288.33957,288.79074,288.64816,288.73117,288.48312,288.91672,288.53683,287.8464,287.43625,287.34152,287.3923,287.31027,287.44308,287.7761,287.7966,287.7546,287.74875,287.5222,287.32492,287.23898,287.46066,287.9675,288.17453,287.98117,288.0222,287.61105,288.3054,288.30734,288.08273,288.4802,288.9675,289.00558,288.76926,288.3425,288.33957,288.25558,288.13058,288.19504,288.23215,288.11105,287.988,288.01437,288.18234,288.3005,288.47922,288.51437,288.43137,288.57785,288.63644
289.3962,289.26047,289.03195,288.86984,289.14523,289.47336,289.34348,289.03,288.82883,288.8503,289.22726,289.39426,289.30637,289.1794,289.16965,289.3718,289.05637,288.81418,288.42258,288.2546,287.7888,287.71457,287.5671,287.5466,287.9128,288.48605,288.35226,287.89523,287.70187,287.66672,287.3718,287.7761,288.29465,288.54758,288.52316,288.3513,288.33273,288.60715,288.57004,288.92062,289.03,289.26633,289.2341,288.9636,288.77707,288.84933,288.69113,288.44113,288.6345,288.6882,288.6628,288.59738,288.43332,288.82004,288.91672,288.89133,288.88156,289.01535,288.95773,289.00363
290.5925,289.92355,289.11008,289.67746,289.26437,289.7966,289.83762,290.15207,289.57883,289.82297,290.06223,289.81223,289.30832,289.42258,289.90988,289.63058,289.27316,288.56906,288.53683,288.45578,288.1882,288.6218,288.8259,288.72824,288.93137,289.1052,289.21262,288.36887,288.4089,288.25266,288.45676,288.5095,288.66965,288.8464,288.78195,288.53976,288.61594,288.78586,288.7302,289.04953,289.33762,289.54367,289.14523,288.90988,288.947,289.03293,288.96457,288.90305,289.09738,289.06125,288.96945,288.83762,289.43137,289.68332,289.7009,289.52316,289.90402,289.67648,289.63937,289.51144
290.42258,290.31223,289.87277,290.00363,290.5544,291.07785,291.1218,291.0798,291.1638,290.3337,290.113,289.84348,289.84738,290.24582,289.84543,289.56906,289.4597,289.3845,289.23703,289.0222,289.28976,289.56223,289.8718,289.7585,289.35617,289.5222,289.57004,289.02805,288.7214,289.05832,288.84738,288.81808,289.13742,289.28293,289.10226,289.07785,288.81027,289.06027,289.2009,289.49582,289.69504,289.6091,289.9177,289.696,289.49582,289.40793,289.35226,289.5554,289.5212,289.6589,289.89328,289.48312,289.59933,290.071,290.23898,290.07492,290.11008,290.2927,290.12668,290.08273
289.72433,290.0837,290.571,291.28976,291.52512,291.5925,291.89914,291.9753,291.96164,291.45676,290.60226,290.70187,290.9128,290.7507,290.45773,290.15598,290.28488,290.01144,289.94016,289.78195,290.113,290.06223,290.0759,289.54562,289.43723,289.59055,289.67844,289.3093,289.17453,289.1843,289.1589,289.44406,289.3835,289.83762,289.4343,289.5466,289.64426,289.6345,289.71066,289.82687,290.18625,290.21262,290.447,290.39426,290.35617,290.10226,289.80344,289.82785,289.71066,289.91672,289.9929,290.19504,290.30148,290.22824,290.4548,290.65793,290.65207,290.62473,290.8093,290.52805
291.4587,290.51633,291.57785,291.32297,291.19016,291.65793,292.76828,292.21848,292.10617,291.97043,291.21066,290.82004,291.12766,291.0388,290.9597,290.66867,290.4802,290.5085,290.21164,289.86984,290.31516,290.5095,290.22824,290.1179,289.85226,289.89426,289.86105,289.488,289.08078,289.19406,289.75754,290.071,290.0173,290.05246,290.21848,290.1423,289.95578,290.34152,290.31906,290.20383,290.63547,290.48215,290.822,290.9216,290.8171,290.65598,290.31808,290.40988,290.23117,290.33176,290.60324,290.60324,290.67062,290.6755,290.94406,290.9382,291.04367,291.05734,291.21945,291.0466
291.6472,292.03488,290.84543,291.51828,291.73508,291.90402,292.36594,292.40598,292.18527,291.93625,291.74484,291.02902,291.0339,291.01535,290.94308,290.71652,290.48996,290.63644,290.4138,290.15598,290.5593,290.81418,290.81418,290.49777,290.31808,290.49582,290.65988,290.52023,289.84836,289.8835,290.1921,290.488,290.45773,290.51047,290.54855,290.22726,290.47922,290.7888,290.73508,290.73605,291.22726,290.9509,291.35324,291.47336,291.46848,290.83176,290.7595,290.6169,290.82492,290.8669,291.28098,291.53195,291.2927,291.21457,291.17453,291.20578,291.0593,291.09738,291.22433,291.49777
292.87863,293.0632,292.1589,291.64914,292.4216,292.96848,292.99973,292.6921,292.6218,292.61984,292.22726,291.81125,291.24973,291.113,291.27512,291.3054,290.74777,291.14914,290.4255,290.90598,290.7097,291.09738,290.9753,291.34445,291.23996,291.07394,291.10617,290.69797,291.0886,291.07492,291.0085,291.02512,290.6843,290.6921,290.90402,291.07883,291.71066,291.20383,291.44406,291.6335,291.9128,291.8464,291.73898,291.74484,291.78,291.43527,291.1921,291.09836,291.42453,291.65012,291.86887,292.03,291.89328,291.66672,291.6511,291.6091,291.53098,291.79758,291.66574,291.80148
292.93527,293.3503,291.59738,291.61887,293.446,293.27414,292.9929,292.54465,292.67746,292.59055,292.2468,292.17648,291.73898,291.82785,291.51828,291.55734,291.95773,291.8796,290.87863,290.79367,291.59348,291.92258,291.72238,291.8591,291.2712,291.40305,290.86984,290.9841,291.11398,291.55637,291.46262,290.86398,290.34543,290.98508,291.1296,291.69894,292.45773,292.85812,292.071,292.41965,292.65695,293.11105,292.59836,292.29562,292.0759,292.0222,292.31027,292.1384,292.02707,292.15988,292.2214,292.4802,292.17648,292.27023,292.11887,291.89816,292.11496,292.29758,292.4382,292.29953
292.99387,292.89426,291.821,291.67844,293.67648,293.63644,292.87277,292.7507,292.56613,292.40012,292.75168,292.01828,292.05832,291.78488,291.90402,292.27512,292.03586,291.29367,291.48605,291.34152,292.1677,292.47238,292.4011,291.8386,291.70578,291.197,291.4636,291.655,291.9343,291.80246,292.0798,292.05148,292.17453,292.13937,291.52902,292.21066,292.41476,293.26437,292.67355,292.40012,293.04172,293.31906,293.19797,292.39328,292.41086,292.34152,292.67844,292.71555,292.68625,292.8005,292.6638,292.68918,292.7302,292.70285,292.6052,292.7087,292.84152,293.17355,292.613,292.36984
294.26242,293.2341,293.32883,293.48215,293.55148,293.79758,293.15305,292.6921,292.26828,292.1511,292.8796,292.58176,292.63644,292.66965,292.7888,293.1218,292.94992,292.13644,292.0632,292.07883,292.22433,292.81418,292.67746,292.9255,291.93527,291.72824,292.06613,292.6462,292.70383,292.4382,292.86398,292.26535,292.27707,292.03683,292.57883,292.5427,293.05344,293.52902,293.4919,292.7087,293.55344,293.7507,293.29953,293.1755,292.9177,292.83762,292.83078,293.24973,293.2839,293.32785,293.2419,292.9841,292.77023,292.7722,293.01828,293.02707,292.90695,293.14523,293.19016,292.98703
294.7087,294.23898,294.24582,294.03293,293.7761,293.89816,293.76633,292.65012,292.33762,292.5095,293.31516,293.28293,293.53195,293.57883,293.40598,293.34836,292.63937,292.62277,292.88156,292.99777,293.2634,292.70578,293.49094,294.06027,293.35226,292.62766,292.65402,293.2722,293.13547,292.7263,292.8591,293.0671,293.10226,293.46848,293.70773,293.75656,293.8132,293.61887,293.85812,293.21262,293.64133,293.74484,293.33176,293.4919,293.34348,293.83078,293.83762,293.7136,293.99582,293.7048,293.77805,293.4343,293.2878,293.42062,293.6804,293.67258,293.9011,293.90598,293.56808,293.48508
295.16574,294.65207,294.44992,294.11203,293.84445,295.19308,294.14914,292.95578,293.09543,293.4138,293.30734,293.88058,293.67453,293.96164,293.69016,294.0505,293.16476,293.1843,293.27805,293.89523,293.3093,293.6052,294.197,294.40793,293.64523,293.56223,293.83566,293.21945,293.54855,293.58762,293.6257,293.61008,293.3884,293.82394,294.11105,294.1003,293.98312,293.98508,293.80637,294.04758,294.31516,293.56613,293.66086,293.84543,294.1257,294.15012,293.9753,294.59348,294.86105,294.1257,293.59055,293.6335,293.4216,294.09738,293.97726,293.71848,294.20578,293.90012,293.74484,294.03098
295.3005,295.05344,294.55148,295.04367,295.51242,295.98117,295.23215,293.5886,292.988,293.31906,294.06418,294.84836,294.5505,294.2468,294.32785,294.321,294.23605,293.6257,293.5925,294.06808,294.77316,294.96066,294.9714,294.49973,294.08762,294.16476,294.13937,294.11984,293.75266,293.61984,293.95578,294.21066,293.7302,293.80832,294.1882,294.19797,294.34348,294.38156,294.07492,293.92648,294.30637,294.23996,294.01633,294.05148,294.29172,294.48898,294.63644,294.88937,294.95187,293.92844,294.01535,294.31808,294.2966,294.4675,294.47922,294.40012,294.4597,294.68723,294.7419,294.8513
295.4216,295.21652,294.33078,295.5671,296.62375,295.34055,294.9929,294.25656,293.7136,293.80734,294.8044,294.98605,294.3054,294.59836,295.16965,294.73703,294.50168,294.21262,294.21164,294.66672,295.12668,295.14523,294.93234,295.00266,294.63058,294.54855,294.24484,294.17355,294.18625,294.10324,294.2585,294.0222,294.34543,294.62375,294.738,294.64035,294.64523,294.3718,294.39816,294.48117,295.17648,294.98898,294.7419,294.18332,295.0388,295.10422,295.03976,295.09152,294.905,294.86594,294.65695,294.68723,294.92453,295.20383,295.28488,295.92648,295.613,295.5007,295.18723,295.18723
294.8005,295.4304,296.04562,296.697,296.8132,295.98605,294.9509,295.42258,294.79465,295.5505,295.2214,294.97433,294.8337,295.17453,295.2253,295.37863,295.8259,295.75363,295.113,295.4929,295.42258,295.68527,295.1296,294.9753,295.2839,295.2966,294.81223,294.54855,294.6804,294.7673,294.6628,295.0837,295.07687,295.30246,295.18723,295.02316,295.17453,294.64523,294.7722,294.70187,295.2634,295.2468,295.5339,295.31125,294.8884,295.3298,295.2673,294.98996,295.48898,295.42844,295.06418,294.90793,294.98898,295.6921,296.12277,296.31516,296.3835,296.1589,295.56223,295.47922
296.68137,296.91476,296.70285,296.8503,296.90402,296.64523,295.33176,295.3757,296.1423,296.24777,295.2302,295.11496,294.8972,295.37473,295.57687,295.79953,296.27902,296.45578,296.38254,296.18234,295.947,296.1384,295.3552,295.59836,295.76144,295.81418,295.67258,295.15305,294.7839,295.04172,294.97238,295.1091,295.43137,295.64523,295.75656,295.6257,295.42453,295.06027,294.66867,294.74094,294.92746,295.55246,295.6091,295.87863,295.93723,295.83762,295.6345,295.7878,295.67746,296.09836,295.53,295.5339,295.78098,295.73117,296.1628,296.9304,296.7761,296.1921,295.3923,295.57687
296.89914,297.0886,297.15305,297.49582,297.62473,296.81418,296.3259,296.74094,296.41867,295.94016,295.33078,295.3259,295.49875,295.66965,295.79074,295.88254,296.28098,297.14328,296.74777,296.13058,296.13156,296.24387,296.41183,296.50266,295.99387,296.5964,295.81125,295.863,295.36008,295.2429,295.33664,295.6755,296.2507,295.90988,295.86594,295.91672,295.79855,295.5388,295.57687,295.51144,295.5222,295.8005,296.08176,295.78586,296.11398,296.53586,296.43527,296.37375,296.74973,296.44894,296.28683,296.25754,296.21652,296.32883,296.66476,297.0007,296.15012,295.97726,295.60715,295.77316
297.8845,296.8044,296.85812,297.3972,297.21262,296.33176,296.43723,296.74094,297.1257,296.821,296.19016,296.34738,296.75266,296.66476,296.8503,296.93625,297.7429,297.06906,296.92062,296.21555,296.48117,296.59445,296.77023,296.5798,296.78488,296.45187,296.15305,296.0798,296.3923,296.66086,296.197,295.46945,296.10617,295.94992,296.0173,295.9597,296.0378,295.93332,295.74094,295.65695,295.50754,296.04465,296.24973,296.44113,296.81516,296.86594,297.17062,296.87766,296.89035,296.8503,296.38937,296.08078,297.25754,297.2595,297.0339,296.40207,296.60715,296.2136,295.78,296.4382
298.3962,297.76242,296.8962,297.5378,297.24777,296.98508,296.99094,297.2175,297.43234,297.49582,297.02023,297.43918,297.56027,296.7839,297.23508,297.69113,297.3972,296.91672,297.03,296.50266,296.4089,296.49582,296.63937,297.1345,297.47043,296.85617,296.7429,296.8171,296.67648,296.66476,296.7087,296.34836,296.52023,296.37082,296.2507,296.64035,296.17062,296.37473,296.07687,296.09445,296.57883,296.6013,297.1257,297.3259,297.46555,297.3591,297.32394,296.69504,296.9421,296.8962,296.75558,296.95187,296.98605,297.33566,296.7419,296.22336,296.54562,296.41867,296.44797,296.54172
297.73117,298.113,297.8513,297.46945,297.42746,296.6755,297.03976,297.35617,297.48605,297.49094,297.6755,297.37766,297.74484,297.6179,297.19016,297.5388,296.9968,296.7966,296.81613,296.97238,296.65988,296.71555,297.19797,297.41672,297.47043,297.14914,297.1091,297.1296,297.0837,297.0798,296.8679,296.79758,296.83566,296.78488,296.58078,296.5388,297.0554,296.79758,296.7878,296.6677,296.94016,297.1638,297.6052,297.74582,297.33762,297.6462,297.43137,297.09836,296.73703,296.95578,296.72922,296.87277,296.8132,297.12863,297.64816,297.3132,296.61008,296.6052,296.58078,296.06906
297.89523,298.09836,297.72824,297.64914,297.40012,297.69797,297.51926,297.63547,297.48703,297.9011,298.0134,297.75754,297.75168,297.26926,297.75266,297.64133,297.60715,296.9753,297.03,297.04465,297.01437,297.1384,297.62375,297.46945,297.27316,297.30832,297.13644,297.14133,297.15988,296.83664,296.8718,296.89426,296.8884,297.0095,296.8962,296.82394,297.27023,297.2263,296.9802,297.1091,297.2966,297.7341,297.7761,297.49094,297.73508,297.46652,297.4802,297.1921,296.62375,296.81027,296.73117,297.17355,297.13644,297.3054,297.30832,297.1804,296.9343,296.55344,296.697,296.33664
298.35422,298.32394,298.28976,298.32785,297.9138,297.99973,297.73312,297.81223,297.7722,298.04367,298.1628,298.0095,297.86887,297.8552,297.8093,297.62863,297.80148,297.81808,297.3347,297.23703,297.32297,297.64816,297.57394,297.47336,297.39035,297.2927,296.98117,297.0798,297.08566,297.01144,297.0886,296.84836,297.12375,297.1013,297.11594,297.4675,297.9841,297.71848,297.37473,297.62277,297.93723,298.26926,298.00363,297.49582,297.94504,297.38937,297.17648,297.14914,297.36105,296.99973,296.79172,297.09445,297.33664,297.65207,297.49094,297.14816,296.95187,296.65598,296.7341,296.75363
298.59152,298.4919,298.45578,298.26535,298.34738,298.45383,298.54172,298.4255,298.11203,298.37375,298.26828,298.20676,298.21945,297.8591,297.85715,297.93234,297.93625,297.86398,297.4509,297.54074,297.6638,297.74582,297.61984,297.79172,297.3513,297.4294,297.05734,297.10422,297.14426,297.22433,297.22043,297.34933,297.34348,297.3005,297.41965,297.69113,298.22238,298.00754,297.86887,298.35226,299.03488,298.9343,298.2546,298.0671,298.0466,297.85812,297.2888,297.58176,297.31906,297.15012,297.01828,297.04562,297.66965,297.56906,297.571,296.98605,297.0173,296.62082,296.71262,296.53098
298.98312,298.7595,298.66183,298.36105,298.52805,298.61008,298.39914,298.56418,298.44308,298.38937,298.2761,298.1589,298.13937,298.11203,297.9968,297.91476,297.89035,297.7429,297.61594,297.69504,297.72238,297.69992,297.5964,297.64523,297.3044,297.20578,297.1179,297.19016,297.33273,297.52316,297.72824,297.40598,297.6003,297.7253,297.8845,297.98215,298.36984,298.31223,298.22726,298.62668,298.93332,298.9177,298.81418,298.28488,298.07687,297.8757,297.63547,297.5505,297.26828,297.17453,297.2087,297.2546,297.63058,297.75168,297.57394,297.28293,296.96848,296.95676,296.96262,296.99973
298.7097,298.59348,298.55344,298.40598,298.67453,298.69504,298.54855,298.572,298.4675,298.44504,298.1677,298.2341,298.21164,298.09543,297.9089,298.0505,298.04465,297.9304,297.71945,297.80637,297.78683,297.87277,297.59348,297.5554,297.48215,297.53586,297.52805,297.37766,297.8962,297.9714,298.10812,298.11496,298.17355,298.15793,298.2468,298.29953,298.39035,298.67746,298.64133,299.16672,299.2429,298.99973,299.01926,298.68625,298.12277,297.69113,297.64035,297.4929,297.20773,297.2214,297.49875,297.86105,297.6472,297.44308,297.39328,297.20773,297.10324,297.03586,297.1716,297.3552
