frontend/src/assets/file/spot/sst.json
{"header": {"discipline":10,"disciplineName":"Oceanographic products","gribEdition":2,"gribLength":520036,"center":98,"centerName":"European Center for Medium-Range Weather Forecasts (RSMC)","subcenter":0,"refTime":"2019-04-26T12:00:00.000Z","significanceOfRT":1,"significanceOfRTName":"Start of forecast","productStatus":0,"productStatusName":"Operational products","productType":1,"productTypeName":"Forecast products","productDefinitionTemplate":0,"productDefinitionTemplateName":"Analysis/forecast at horizontal level/layer at a point in time","parameterCategory":3,"parameterCategoryName":"Surface_Properties","parameterNumber":0,"parameterNumberName":"Water_temperature","parameterUnit":"K","genProcessType":0,"genProcessTypeName":"Analysis","forecastTime":66,"surface1Type":1,"surface1TypeName":"Ground or water surface","surface1Value":-9.999E-252,"surface2Type":255,"surface2TypeName":"Missing","surface2Value":-9.999E-252,"gridDefinitionTemplate":0,"gridDefinitionTemplateName":"Latitude_Longitude","numberPoints":259920,"shape":6,"shapeName":"Earth spherical with radius of 6,371,229.0 m","gridUnits":"degrees","resolution":48,"winds":"true","scanMode":0,"nx":720,"ny":361,"basicAngle":0,"lo1":0.0,"la1":90.0,"lo2":359.5,"la2":-90.0,"dx":0.5,"dy":0.5}, "data":
[rows 0 to 26 of 361, columns 600 to 659 of 720]
271.4597,271.4597,271.4597,271.4597,271.4597,271.4597,271.4597,271.4597,271.4597,271.4597,271.4597,271.4597,271.4597,271.4597,271.4597,271.4597,271.4597,271.4597,271.4597,271.4597,271.4597,271.4597,271.4597,271.4597,271.4597,271.4597,271.4597,271.4597,271.4597,271.4597,271.4597,271.4597,271.4597,271.4597,271.4597,271.4597,271.4597,271.4597,271.4597,271.4597,271.4597,271.4597,271.4597,271.4597,271.4597,271.4597,271.4597,271.4597,271.4597,271.4597,271.4597,271.4597,271.4597,271.4597,271.4597,271.4597,271.4597,271.4597,271.4597,271.4597
271.46066,271.46066,271.46066,271.46066,271.46066,271.46066,271.46066,271.4597,271.4597,271.4597,271.4597,271.4597,271.4597,271.4597,271.46066,271.46066,271.46066,271.46066,271.46066,271.46066,271.46066,271.46164,271.46164,271.46164,271.46164,271.46164,271.46164,271.46164,271.46262,271.46262,271.46262,271.4636,271.4636,271.4636,271.4636,271.46457,271.46457,271.46457,271.46457,271.46555,271.46555,271.46555,271.46555,271.46555,271.46652,271.46652,271.46652,271.46652,271.46652,271.4675,271.4675,271.4675,271.4675,271.4675,271.46652,271.46652,271.46652,271.46652,271.46652,271.46555
271.46164,271.46164,271.46164,271.46164,271.46066,271.46066,271.46066,271.4597,271.4597,271.4597,271.4597,271.4597,271.4597,271.4597,271.4597,271.4597,271.4597,271.4597,271.4597,271.4597,271.4597,271.4597,271.4597,271.4597,271.4597,271.4597,271.4597,271.4597,271.46066,271.46066,271.46066,271.46066,271.46066,271.46066,271.46066,271.46066,271.46066,271.46066,271.46066,271.46066,271.46066,271.46066,271.46066,271.46066,271.46066,271.46066,271.46066,271.46066,271.46066,271.46164,271.46164,271.46262,271.46262,271.46262,271.46262,271.46262,271.46262,271.46262,271.46262,271.46164
271.46066,271.46066,271.46066,271.46066,271.4597,271.4597,271.4597,271.4597,271.4597,271.4597,271.46066,271.46066,271.46066,271.46066,271.46066,271.46066,271.46066,271.46164,271.46164,271.46262,271.46262,271.46262,271.46262,271.46262,271.46262,271.46164,271.46164,271.46164,271.46164,271.46164,271.46164,271.46066,271.46066,271.46066,271.4597,271.4597,271.4597,271.4597,271.4597,271.4597,271.4597,271.4597,271.4597,271.4597,271.46066,271.46066,271.46164,271.46164,271.46164,271.46262,271.46262,271.46262,271.46262,271.4636,271.4636,271.46457,271.46555,271.46652,271.46555,271.46457
271.46262,271.4636,271.46457,271.46457,271.46555,271.46555,271.46457,271.4636,271.4636,271.46262,271.46164,271.46164,271.46164,271.46066,271.46066,271.4597,271.4597,271.4597,271.4597,271.4597,271.4597,271.4597,271.46066,271.46066,271.46066,271.46066,271.46066,271.46164,271.46262,271.4636,271.46457,271.46555,271.46652,271.46555,271.46457,271.4636,271.46262,271.46262,271.46164,271.46066,271.46066,271.4597,271.4597,271.4597,271.4597,271.46066,271.46066,271.46066,271.46066,271.46066,271.46164,271.46066,271.46066,271.46066,271.46066,271.4597,271.4597,271.4597,271.4597,271.4597
271.46262,271.46164,271.46066,271.4597,271.4597,271.4597,271.4597,271.4597,271.46066,271.46066,271.46066,271.46066,271.46066,271.4597,271.4597,271.4597,271.4597,271.46066,271.46164,271.4636,271.46457,271.46555,271.46555,271.46555,271.46555,271.46457,271.46457,271.4636,271.4636,271.46262,271.46164,271.46164,271.46066,271.46066,271.4597,271.4597,271.4597,271.4597,271.4597,271.4597,271.46066,271.46262,271.4636,271.46457,271.46555,271.46457,271.4636,271.4636,271.46262,271.46164,271.46066,271.46066,271.4597,271.46066,271.46066,271.46164,271.46262,271.46262,271.4636,271.4636
271.46066,271.46066,271.4597,271.4597,271.46066,271.46066,271.46262,271.46457,271.4675,271.46945,271.46848,271.46848,271.46848,271.4675,271.46652,271.46555,271.4636,271.4636,271.46262,271.46066,271.4597,271.4597,271.4597,271.4597,271.4597,271.4597,271.4597,271.4597,271.4597,271.46066,271.46164,271.46262,271.4636,271.46262,271.46164,271.46066,271.4597,271.46066,271.46066,271.46164,271.46262,271.4636,271.46457,271.46555,271.46457,271.46262,271.46164,271.4597,271.46066,271.46164,271.46262,271.4636,271.46457,271.46652,271.4675,271.46848,271.46652,271.4636,271.46164,271.4597
271.4597,271.46164,271.4636,271.46555,271.4675,271.46848,271.46945,271.46945,271.46652,271.46262,271.4597,271.4597,271.4597,271.4597,271.46066,271.46164,271.46262,271.46262,271.4636,271.4636,271.46457,271.46457,271.4636,271.4636,271.46262,271.46164,271.46164,271.46066,271.46066,271.4597,271.4597,271.4597,271.4597,271.4597,271.4597,271.4597,271.4597,271.4597,271.4597,271.4597,271.4597,271.46066,271.46164,271.46262,271.46164,271.46164,271.46066,271.4597,271.4597,271.4597,271.4597,271.4597,271.4597,271.4597,271.4597,271.4597,271.4597,271.4597,271.4597,271.4597
271.4636,271.46457,271.46457,271.46164,271.46066,271.4597,271.4597,271.4597,271.4597,271.4597,271.4597,271.46066,271.46164,271.4636,271.46262,271.4636,271.46457,271.46555,271.4636,271.46066,271.4597,271.4597,271.4597,271.46066,271.46262,271.46457,271.46555,271.46652,271.46848,271.4675,271.46555,271.46262,271.46262,271.46262,271.46262,271.46262,271.46262,271.46262,271.46262,271.46164,271.46066,271.4597,271.4597,271.4597,271.46066,271.46262,271.46457,271.46457,271.46262,271.46066,271.4597,271.4597,271.4597,271.46066,271.46164,271.46262,271.46262,271.46262,271.46262,271.46164
271.46164,271.4636,271.46262,271.46262,271.46262,271.46164,271.46066,271.46262,271.46457,271.46652,271.46848,271.47043,271.46945,271.46457,271.46066,271.46066,271.4597,271.46164,271.46457,271.46652,271.4675,271.46652,271.46457,271.46262,271.46262,271.46262,271.46262,271.4636,271.46555,271.4636,271.46164,271.46066,271.46066,271.46164,271.46652,271.47238,271.47043,271.4675,271.46457,271.46262,271.4597,271.46066,271.46066,271.4597,271.4597,271.4597,271.4597,271.46262,271.46555,271.46652,271.4675,271.4675,271.46652,271.46555,271.46652,271.46457,271.4636,271.46262,271.46164,271.4597
271.46457,271.46457,271.46262,271.46457,271.46457,271.46262,271.46066,271.46066,271.46066,271.46262,271.46848,271.47043,271.46945,271.46555,271.46262,271.4597,271.46164,271.46457,271.46848,271.47238,271.46848,271.46066,271.4597,271.4597,271.46164,271.46555,271.4675,271.46555,271.46555,271.4636,271.4636,271.46457,271.46457,271.46164,271.4597,271.4597,271.46164,271.4636,271.46555,271.46652,271.46848,271.46457,271.46457,271.46652,271.46945,271.4753,271.48117,271.47336,271.46652,271.46457,271.46457,271.46945,271.47433,271.4763,271.47043,271.4636,271.4597,271.4597,271.4597,271.4636
271.4597,271.4597,271.46652,271.4714,271.47336,271.47043,271.4636,271.4597,271.4597,271.4597,271.46066,271.46262,271.46262,271.46164,271.4636,271.46555,271.46555,271.46457,271.46457,271.46262,271.46262,271.46848,271.46652,271.4636,271.4636,271.4597,271.4597,271.46066,271.46066,271.4597,271.46066,271.46164,271.46164,271.4636,271.46848,271.46652,271.46555,271.46555,271.46066,271.46066,271.46164,271.4675,271.4714,271.4753,271.4802,271.47922,271.4763,271.4753,271.46164,271.46164,271.4597,271.4597,271.4597,271.4597,271.4597,271.4597,271.46164,271.46652,271.46555,271.46066
271.46164,271.46066,271.46164,271.4636,271.46262,271.46164,271.46066,271.4597,271.4597,271.46652,271.4753,271.47238,271.46945,271.46652,271.46164,271.4597,271.4597,271.46652,271.47336,271.46945,271.4636,271.46164,271.4636,271.4763,271.488,271.48312,271.47824,271.47336,271.46945,271.4714,271.46652,271.46066,271.46262,271.47238,271.488,271.49387,271.48605,271.47824,271.4763,271.48312,271.4919,271.48215,271.46457,271.4597,271.4597,271.4597,271.4597,271.4597,271.46848,271.48215,271.4841,271.488,271.48312,271.47336,271.46848,271.4597,271.46164,271.46555,271.46848,271.49777
271.47043,271.47043,271.4753,271.4763,271.47336,271.46848,271.4675,271.46945,271.46555,271.46555,271.46555,271.4597,271.4597,271.4636,271.47238,271.4802,271.49094,271.48703,271.47824,271.47433,271.46066,271.4597,271.4597,271.46457,271.46848,271.48312,271.47726,271.4597,271.47922,271.5085,271.53293,271.56027,271.54855,271.53683,271.51633,271.49875,271.4675,271.4597,271.4597,271.46457,271.46652,271.49387,271.48312,271.4597,271.4597,271.4597,271.4597,272.29465,272.67258,272.67355,273.15988,273.15988,273.15988,273.15988,273.15988,273.15988,273.15988,273.15988,273.15988,273.15988
271.46066,271.46262,271.47043,271.48312,271.5007,271.4929,271.48605,271.4763,271.48312,271.50656,271.5095,271.50363,271.48703,271.47824,271.48215,271.47433,271.46164,271.4597,271.4597,271.48605,271.5095,271.55734,271.58273,271.56027,271.53098,271.5085,272.48996,272.86496,272.86398,273.15988,273.15988,273.15988,273.15988,273.15988,273.15988,273.15988,273.15988,273.15988,273.15988,273.15988,273.15988,273.15988,273.15988,273.15988,273.15988,273.15988,273.15988,273.15988,273.15988,273.15988,273.15988,273.15988,273.15988,273.15988,273.15988,273.15988,273.15988,273.15988,273.15988,273.15988
271.46164,271.46262,271.46555,271.46555,271.4597,271.4597,271.4597,271.4597,271.4597,271.5222,271.56418,271.53683,271.5007,271.4597,271.51535,271.53195,271.4753,271.46652,271.59445,272.64328,272.5759,271.57004,272.40402,272.79172,271.74387,272.22238,273.15988,273.15988,273.15988,273.15988,273.05734,273.15988,273.15988,273.15988,273.15988,273.15988,273.15988,273.15988,273.15988,273.0544,273.05734,273.15988,273.15988,273.15988,273.15988,273.15988,273.15988,273.15988,273.15988,273.15988,273.15988,273.15988,273.15988,273.15988,273.15988,273.15988,273.15988,273.15988,273.15988,273.15988
271.4597,271.46945,272.58566,273.15988,273.15988,273.15988,273.15988,273.15988,273.15988,273.15988,273.15988,273.15988,272.8718,271.75656,272.36496,273.15988,273.15988,272.3093,271.4597,271.4597,272.16574,273.15988,273.15988,273.15988,273.15988,273.15988,273.15988,273.1472,272.0339,272.0007,273.1169,273.15988,273.15988,273.15988,273.15988,273.15988,273.15988,273.15988,273.15988,273.15988,273.15988,273.15988,273.15988,273.15988,273.15988,273.15988,273.15988,273.15988,273.15988,273.15988,273.15988,273.15988,273.15988,273.15988,273.15988,273.15988,273.15988,273.15988,272.49777,271.4597
273.15988,273.15988,273.15988,273.15988,273.15988,273.15988,273.15988,273.15988,273.15988,273.15988,273.15988,273.15988,273.15988,273.15988,273.15988,273.15988,273.15988,273.15988,273.15988,273.15988,273.15988,273.15988,273.15988,273.15988,273.15988,273.15988,273.15988,273.15988,273.15988,273.15988,273.15988,273.15988,273.15988,273.15988,273.15988,273.15988,273.15988,273.15988,273.15988,273.15988,273.15988,273.15988,273.15988,273.15988,273.15988,273.15988,273.15988,273.15988,273.15988,273.15988,273.15988,273.15988,273.15988,273.15988,273.15988,273.15988,273.15988,273.15988,273.15988,273.15988
273.15988,273.15988,273.15988,273.15988,273.15988,273.15988,273.15988,273.15988,273.15988,273.15988,273.15988,273.15988,273.15988,273.15988,273.15988,273.15988,273.15988,273.15988,273.15988,273.15988,273.15988,273.15988,273.15988,273.15988,273.15988,273.15988,273.15988,273.15988,273.15988,273.15988,273.15988,273.15988,273.15988,273.15988,273.15988,273.15988,273.15988,273.15988,273.15988,273.15988,273.15988,273.15988,273.15988,273.15988,273.15988,273.15988,273.15988,273.15988,273.15988,273.15988,273.15988,273.15988,273.15988,273.15988,273.15988,273.15988,273.15988,273.15988,273.15988,273.15988
273.15988,273.15988,273.15988,273.15988,273.15988,273.15988,273.15988,273.15988,273.15988,273.15988,273.15988,273.15988,273.15988,273.15988,273.15988,273.15988,273.15988,273.15988,273.15988,273.15988,273.15988,273.15988,273.15988,273.15988,273.15988,273.15988,273.15988,273.15988,273.15988,273.15988,273.15988,273.15988,273.15988,273.15988,273.15988,273.15988,273.15988,273.15988,273.15988,273.15988,273.15988,273.15988,273.15988,273.15988,273.15988,273.15988,273.15988,273.15988,273.15988,273.15988,273.15988,273.15988,273.15988,273.15988,273.15988,273.15988,273.15988,273.15988,273.15988,273.15988
273.15988,273.15988,273.15988,273.15988,273.15988,273.15988,273.15988,273.15988,273.15988,273.15988,273.15988,273.15988,273.15988,273.15988,273.15988,273.15988,273.15988,273.15988,273.15988,273.15988,273.15988,273.15988,273.15988,273.15988,273.15988,273.15988,273.15988,273.15988,273.15988,273.15988,273.15988,273.15988,273.15988,273.15988,273.15988,273.15988,273.15988,273.15988,273.15988,273.15988,273.15988,273.15988,273.15988,273.15988,273.15988,273.15988,273.15988,273.15988,273.15988,273.15988,273.15988,273.15988,273.15988,273.15988,273.15988,273.15988,273.15988,273.15988,273.15988,273.15988
273.15988,273.15988,273.15988,273.15988,273.15988,273.15988,273.15988,273.15988,273.15988,273.15988,273.15988,273.15988,273.15988,273.15988,273.15988,273.15988,273.15988,273.15988,273.15988,273.15988,273.15988,273.15988,273.15988,273.15988,273.15988,273.15988,273.15988,273.15988,273.15988,273.15988,273.15988,273.15988,273.15988,273.15988,273.15988,273.15988,273.15988,273.15988,273.15988,273.15988,273.15988,273.15988,273.15988,273.15988,273.15988,273.15988,273.15988,273.15988,273.15988,273.15988,273.15988,273.15988,273.15988,273.15988,273.15988,273.15988,273.15988,273.15988,273.15988,273.15988
273.15988,273.15988,273.15988,273.15988,273.15988,273.15988,273.15988,273.15988,273.15988,273.15988,273.15988,273.15988,273.15988,273.15988,273.15988,273.15988,273.15988,273.15988,273.15988,273.15988,273.15988,273.15988,273.15988,273.15988,273.15988,273.15988,273.15988,273.15988,273.15988,273.15988,273.15988,273.15988,273.15988,273.15988,273.15988,273.15988,273.15988,273.15988,273.15988,273.15988,273.15988,273.15988,273.15988,273.15988,273.15988,273.15988,273.15988,273.15988,273.15988,273.15988,273.15988,273.15988,273.15988,273.15988,273.15988,273.15988,273.15988,273.15988,273.15988,273.15988
273.15988,273.15988,273.15988,273.15988,273.15988,273.15988,273.15988,273.15988,273.15988,273.15988,273.15988,273.15988,273.15988,273.15988,273.15988,273.15988,273.15988,273.15988,273.15988,273.15988,273.15988,273.15988,273.15988,273.15988,273.15988,273.15988,273.15988,273.15988,273.15988,273.15988,273.15988,273.15988,273.15988,273.15988,273.15988,273.15988,273.15988,273.15988,273.15988,273.15988,273.15988,273.15988,273.15988,273.15988,273.15988,273.15988,273.15988,273.15988,273.15988,273.15988,273.15988,273.15988,273.15988,273.15988,273.15988,273.15988,273.15988,273.15988,273.15988,273.15988
273.15988,273.15988,273.15988,273.15988,273.15988,273.15988,273.15988,273.15988,273.15988,273.15988,273.15988,273.15988,273.15988,273.15988,273.15988,273.15988,273.15988,273.15988,273.15988,273.15988,273.15988,273.15988,273.15988,273.15988,273.15988,273.15988,273.15988,273.15988,273.15988,273.15988,273.15988,273.15988,273.15988,273.15988,273.15988,273.15988,273.15988,273.15988,273.15988,273.15988,273.15988,273.15988,273.15988,273.15988,273.15988,273.15988,273.15988,273.15988,273.15988,273.15988,273.15988,273.15988,273.15988,273.15988,273.15988,273.15988,273.15988,273.15988,273.15988,273.15988
273.15988,273.15988,273.15988,273.15988,273.15988,273.15988,273.15988,273.15988,273.15988,273.15988,273.15988,273.15988,273.15988,273.15988,273.15988,273.15988,273.15988,273.15988,273.15988,273.15988,273.15988,273.15988,273.15988,273.15988,273.15988,273.15988,273.15988,273.15988,273.15988,273.15988,273.15988,273.15988,273.15988,273.15988,273.15988,273.15988,273.15988,273.15988,273.15988,273.15988,273.15988,273.15988,273.15988,273.15988,273.15988,273.15988,273.15988,273.15988,273.15988,273.15988,273.15988,273.15988,273.15988,273.15988,273.15988,273.15988,273.15988,273.15988,273.15988,273.15988
273.15988,273.15988,273.15988,273.15988,273.15988,273.15988,273.15988,273.15988,273.15988,273.15988,273.15988,273.15988,273.15988,273.15988,273.15988,273.15988,273.15988,273.15988,273.15988,273.15988,273.15988,273.15988,273.15988,273.15988,273.15988,273.15988,273.15988,273.15988,273.15988,273.15988,273.15988,273.15988,273.15988,273.15988,273.15988,273.15988,273.15988,273.15988,273.15988,273.15988,273.15988,273.15988,273.15988,273.15988,273.15988,273.15988,273.15988,273.15988,273.15988,273.15988,273.15988,273.15988,273.15988,273.15988,273.15988,273.15988,273.15988,273.15988,273.15988,273.15988
