frontend/src/assets/file/spot/sst.json
{"header": {"discipline":10,"disciplineName":"Oceanographic products","gribEdition":2,"gribLength":520036,"center":98,"centerName":"European Center for Medium-Range Weather Forecasts (RSMC)","subcenter":0,"refTime":"2019-04-26T12:00:00.000Z","significanceOfRT":1,"significanceOfRTName":"Start of forecast","productStatus":0,"productStatusName":"Operational products","productType":1,"productTypeName":"Forecast products","productDefinitionTemplate":0,"productDefinitionTemplateName":"Analysis/forecast at horizontal level/layer at a point in time","parameterCategory":3,"parameterCategoryName":"Surface_Properties","parameterNumber":0,"parameterNumberName":"Water_temperature","parameterUnit":"K","genProcessType":0,"genProcessTypeName":"Analysis","forecastTime":66,"surface1Type":1,"surface1TypeName":"Ground or water surface","surface1Value":-9.999E-252,"surface2Type":255,"surface2TypeName":"Missing","surface2Value":-9.999E-252,"gridDefinitionTemplate":0,"gridDefinitionTemplateName":"Latitude_Longitude","numberPoints":259920,"shape":6,"shapeName":"Earth spherical with radius of 6,371,229.0 m","gridUnits":"degrees","resolution":48,"winds":"true","scanMode":0,"nx":720,"ny":361,"basicAngle":0,"lo1":0.0,"la1":90.0,"lo2":359.5,"la2":-90.0,"dx":0.5,"dy":0.5}, "data":
[rows 243 to 269 of 361, columns 120 to 179 of 720]
296.0837,296.3005,295.9255,296.1423,296.42355,296.2097,296.0466,296.41476,296.52023,296.13937,296.21848,296.01144,296.02707,295.7712,295.73898,295.32394,295.2341,295.5339,295.4753,295.09348,295.00656,294.97238,295.45578,295.79465,296.1013,296.09152,296.10422,295.37863,295.6589,295.6843,294.79562,294.6345,294.55832,294.6052,295.46262,295.83176,295.53293,295.5671,295.072,294.48117,294.4216,294.69797,294.73996,294.99094,295.0632,295.0837,294.90793,294.92355,295.1882,295.071,294.28195,293.90695,293.7761,293.72824,294.1169,293.75558,293.92746,293.9128,293.78586,293.90695
295.89133,295.89816,295.5632,295.8972,296.2302,296.09836,295.9675,296.34348,295.97824,296.2341,295.6511,295.6091,295.8132,295.7546,295.4177,295.27023,295.58664,295.29465,295.26437,295.23605,295.20773,295.1169,295.46262,295.56418,295.20578,295.14035,294.94504,295.07004,295.155,294.97726,294.83762,294.94797,294.53195,294.63937,295.26828,295.4421,295.43625,295.4929,294.66965,294.3132,294.21945,294.2966,294.64426,294.75363,294.73508,294.94894,294.96652,294.77316,294.94992,294.6677,293.98605,293.95187,293.61887,293.54758,293.54855,293.6921,293.64133,292.88742,293.22922,293.65012
294.9929,295.13547,294.71457,295.7302,295.58078,295.322,294.93234,295.3259,295.5095,295.51047,295.1628,294.7712,294.8054,295.14133,294.89523,295.66476,295.62375,295.3845,295.19992,295.18723,295.2712,294.9089,295.22433,295.4011,295.35812,295.23703,295.05832,295.1921,295.10226,294.97824,294.90695,295.1179,295.22238,295.27023,295.53195,295.15793,294.81808,294.67746,294.82297,294.51535,294.36105,294.35422,294.06808,293.9714,294.19797,294.7253,294.94504,294.83176,294.56808,294.32785,293.78195,293.94406,293.5085,293.41672,293.11398,293.27512,293.25168,292.64035,293.18918,293.00656
294.0544,293.77902,294.35226,295.23996,295.43332,295.0095,294.8298,294.74875,294.91574,295.2927,295.24387,294.7009,294.7673,294.7927,294.7761,295.238,295.34543,295.15793,295.0505,294.8835,295.13742,294.79172,294.8591,295.16574,295.0505,295.03683,295.072,294.63547,294.78098,294.83176,294.8591,294.7214,294.9753,295.34738,294.71262,294.5339,294.23508,294.19308,295.0173,294.53683,294.66965,294.37473,293.98996,293.72726,294.0222,294.61887,294.75754,294.572,294.3962,294.1716,293.84543,293.40305,293.03488,293.70383,293.14133,292.63058,292.5427,292.35226,292.39426,292.39426
293.72238,293.8513,293.9587,294.61398,294.5378,294.34348,293.51047,293.9421,294.31906,294.571,295.15988,294.85226,294.79074,294.88058,294.8005,295.1052,295.20383,295.02023,294.54855,294.68332,294.7634,294.61008,294.70285,295.00558,294.56418,294.40012,294.14035,294.00656,293.99973,294.41086,294.2263,294.48703,294.12082,293.97043,293.8337,294.08078,294.19504,294.32004,294.84348,294.38644,294.49094,294.88058,294.31027,293.51437,293.7087,294.1091,294.6755,294.25558,293.90793,293.8259,293.27707,292.5632,292.33176,292.6335,292.23117,292.53488,292.65598,292.56808,292.5554,292.19992
293.5134,293.89133,293.946,293.81027,293.81906,292.76926,292.696,293.6345,293.79172,294.0632,294.2878,294.65598,293.86984,294.25754,294.89914,295.06808,295.14035,294.64523,294.29562,294.29465,294.40012,294.53098,294.84152,294.57297,294.18625,294.31418,293.87473,293.95285,293.87766,293.71848,293.43527,293.8054,293.83566,293.88644,293.3093,294.18918,294.32394,294.36496,294.6843,294.60324,294.33273,294.33078,293.99582,293.21457,293.14426,293.39816,293.89426,294.03098,293.82394,293.65305,293.1384,292.29465,291.86984,291.52414,291.7966,291.99094,292.42258,292.54758,292.52707,291.97726
293.31808,293.71945,293.74875,293.571,292.41965,292.5505,292.70578,293.46652,293.78195,293.91183,294.00266,293.9177,293.66574,293.48117,294.53195,293.8054,294.16183,293.9421,294.05148,294.1296,294.39523,294.42648,294.3796,293.97433,293.88742,293.58566,293.05734,293.4636,293.04074,293.53683,293.52316,293.3669,293.4919,293.3464,292.57687,293.6091,294.04172,294.16183,294.33176,294.05246,294.09348,293.7429,293.94406,293.17648,292.84738,292.84836,292.99777,293.21555,292.96066,292.88644,292.74777,292.2136,292.17355,291.53293,291.65695,291.9382,292.26535,292.40598,292.42062,292.03195
292.71066,292.95676,293.04855,293.363,293.2087,292.31223,292.6843,292.696,292.96457,293.4177,293.57297,293.59933,293.54758,293.54074,293.3386,293.56906,293.73605,293.74387,293.988,294.11398,294.3591,294.48508,293.9597,294.03195,293.88742,293.5544,293.14523,292.93332,292.90305,293.38937,293.12473,293.41672,293.34152,293.2097,292.6384,292.68234,292.17648,293.14035,292.7595,292.61594,292.70383,292.89035,292.97238,292.89328,293.04074,292.39816,292.3552,292.21555,292.50266,292.03293,292.07687,291.80344,291.41867,291.44308,291.72726,291.7087,291.55832,291.988,292.07687,291.76926
292.57883,292.8962,292.85422,293.0134,293.04855,293.03195,293.1257,292.17844,292.32687,292.25558,292.74777,292.88058,293.31808,293.32492,293.6462,293.47726,293.09152,293.77316,293.84933,293.8835,293.6638,294.10226,293.96848,293.67258,293.70676,293.59543,292.9763,292.6296,292.8669,292.94894,292.15305,292.06223,292.47433,293.0095,292.5593,292.20383,292.32394,292.43723,292.6013,292.59543,292.8718,292.62863,292.55832,292.1257,292.20578,291.93723,291.7878,291.7263,291.6794,291.24777,291.11984,291.2507,291.34738,290.9177,291.07785,291.28586,291.50266,291.68332,291.83176,291.7546
292.42062,292.41672,292.46945,292.21262,292.47922,292.47336,292.50363,291.9802,292.3132,291.68723,292.07297,292.13156,291.9841,292.82394,293.12375,292.6257,292.33566,292.6257,293.13058,293.23215,293.2253,292.92062,292.63742,292.71262,293.1843,293.13644,292.58664,292.78488,292.8757,292.1511,291.72433,291.696,291.5466,291.32297,291.55246,291.85422,291.8386,292.2009,292.43625,292.49484,291.98898,291.96555,291.96066,292.08273,291.48605,291.01144,290.82492,291.85422,291.3347,291.06613,290.9714,290.86496,291.1335,291.03,290.64328,290.89816,291.5173,291.45773,291.34152,291.65793
292.3132,292.27512,292.06027,291.5759,291.738,291.6472,291.89914,291.73117,291.5505,292.09055,292.1218,291.50754,291.84933,291.63058,291.97726,291.7009,292.13742,292.55734,292.3796,292.64328,293.1423,293.0095,292.81027,292.13254,293.17746,293.05637,292.57004,292.1296,291.89914,292.03195,291.17355,291.0505,290.87473,291.2009,291.40207,291.9636,291.92453,291.68625,292.10715,292.12473,291.947,291.9382,292.00656,291.5593,291.322,290.23703,290.8298,290.92746,290.6257,290.946,290.84445,290.60226,290.61984,290.76144,290.53098,290.43918,291.06223,291.1677,290.87473,291.33664
291.49582,291.22824,291.33664,291.41574,291.4548,291.54074,291.42648,291.42355,291.00363,291.03586,290.73605,290.66574,290.5925,290.5007,291.07004,291.14426,291.4343,292.4929,292.54465,292.71945,292.8132,292.97238,292.22336,291.98117,292.13644,291.99875,291.5427,291.69992,292.06223,291.97726,291.61496,291.10324,291.24484,290.7214,290.78488,291.67746,291.90695,291.7468,291.66672,291.76535,291.71555,291.29074,291.1638,290.3093,290.42746,289.6472,290.2429,290.98605,290.53488,290.3259,290.37375,290.18527,289.83957,289.93625,289.99777,290.11398,290.0261,290.1589,289.4636,289.6804
290.8669,291.14426,291.25754,291.405,291.26242,291.37473,291.08566,291.27316,291.07297,291.29074,291.15305,290.76535,290.45676,290.45187,290.62277,291.19113,291.6384,291.54562,291.8093,291.55637,291.80832,291.6921,291.32687,291.68527,291.76047,291.45383,291.15695,291.42258,291.7546,291.50168,290.96848,291.01926,290.37473,290.08762,290.6423,290.39914,291.0007,290.5212,291.1628,291.55148,290.1794,289.8669,289.7009,289.11496,289.22824,289.22043,290.01633,290.43723,290.24875,289.99484,290.19016,289.92258,289.60324,289.4304,289.7253,289.73215,289.36398,289.28683,289.00266,289.613
290.80344,290.85812,291.05734,291.1804,291.18918,291.16574,290.71262,290.55734,290.64523,290.91476,291.66086,291.26144,290.5798,290.58078,290.17648,290.71945,290.93918,290.78586,290.88058,290.51535,290.73117,290.7673,291.0085,291.28,291.22043,291.26633,291.13547,290.72238,290.52414,290.32687,289.6716,289.83176,289.99777,290.25558,290.21262,290.01242,290.14523,290.25656,289.94992,289.98605,289.4675,289.5671,289.04758,288.61496,288.5222,288.696,289.29953,290.0466,290.33566,290.25558,290.20773,289.65793,289.16476,289.17453,289.23117,289.30734,289.06906,289.00754,289.13937,288.94504
290.99875,290.79562,290.85715,290.71164,290.64328,290.48898,290.6296,290.56027,290.51242,290.60226,290.75363,291.10617,290.90695,290.42746,290.0378,290.12863,290.52902,290.4753,290.31906,290.822,290.9255,290.59738,290.35226,290.44797,290.93332,291.0964,290.69504,290.6755,289.78976,289.54074,289.29953,289.27512,289.41867,289.56808,289.62766,290.0554,289.87668,289.79367,289.43918,289.49484,289.2546,289.46457,289.31223,289.0671,288.8386,289.26633,288.8718,289.197,289.97824,290.32687,289.34543,288.05734,287.96164,288.55344,288.62375,288.66086,288.94894,288.99973,288.9968,288.68137
291.29172,291.21262,290.4587,290.46457,290.59738,290.31418,290.04172,290.11203,290.02902,290.33957,290.3503,290.93527,290.69016,290.29172,290.07004,289.70285,289.85715,289.81125,289.91183,290.42746,290.25754,290.04855,290.09836,290.09152,290.5671,290.51535,290.27707,289.98605,289.68723,289.54074,289.23508,288.82394,289.06125,289.18625,289.58664,289.7302,289.24094,289.32394,289.22043,289.1052,289.44894,289.44504,289.197,288.53488,288.44992,289.2048,288.8503,289.05637,289.97238,289.446,287.55148,287.42648,287.47824,287.95773,288.26926,288.55246,288.92746,289.30734,288.8503,288.84933
290.82492,290.78683,290.06906,290.1384,289.77707,289.5964,289.63058,289.65305,289.32492,290.06125,289.91574,290.27805,290.34152,290.06418,289.65207,289.62082,289.7214,289.75266,289.59543,290.12668,290.23508,289.4763,289.79855,289.84055,289.69406,289.68527,289.8259,289.696,289.5798,289.4929,288.79172,288.46945,288.66574,288.75656,289.19992,288.92258,288.76633,288.9929,289.2009,289.2009,288.72922,288.4968,287.96555,287.86398,288.25558,289.3835,289.29855,289.40793,289.82004,288.24582,287.6052,287.41574,287.34933,288.25558,288.22336,288.35324,288.6628,288.6882,288.45676,288.07785
289.9255,290.04074,289.90988,289.52316,289.28586,289.22824,289.2419,289.0759,289.1013,289.11984,290.07785,290.05637,289.79172,289.64816,289.66965,289.57785,289.27512,289.2839,289.94894,289.29465,289.79855,289.95383,289.5798,289.28,288.77805,289.6511,289.50266,289.26633,289.12277,289.38254,288.60324,288.3005,288.22336,288.19894,288.74094,288.6384,288.572,288.8796,289.22433,288.89133,288.87766,288.14328,287.19308,287.13058,287.88742,288.76144,289.2253,289.488,289.58957,287.86398,287.67844,287.37082,287.24875,287.5095,288.39035,287.9587,287.93527,287.82687,287.32394,287.74387
289.76828,289.63937,289.488,289.30148,289.04367,288.83273,288.85226,289.2175,289.0886,289.20383,289.19113,289.1882,289.13937,289.40305,289.56808,289.33762,289.03488,288.65402,288.74094,289.01633,289.16672,289.488,289.41965,288.64816,288.52902,288.6716,288.88156,288.8923,288.8503,288.9675,288.5222,288.5222,288.11887,287.68918,288.28488,288.56223,288.4802,287.98312,287.99484,288.0085,287.82687,287.57492,287.07687,287.1296,287.4587,288.2595,288.38644,288.57883,288.46066,287.79367,287.68332,287.57687,287.11496,286.9138,286.8835,286.8591,287.3347,286.6755,286.64133,287.03098
289.54953,289.5505,289.56516,289.51633,289.3093,288.91086,288.78586,289.21848,289.0173,289.31027,289.19894,289.29953,288.99484,289.17355,289.0173,289.47238,289.29562,288.3962,288.50754,288.34348,288.20187,288.93918,288.96262,288.65793,288.62473,288.0222,288.0046,288.071,288.74484,288.7214,288.738,288.3884,287.6423,287.54172,288.01242,288.18137,288.44406,288.12082,287.41965,287.58176,287.52707,287.38058,287.1794,287.1296,287.23508,287.45578,287.84933,288.21066,287.8757,287.76535,287.6296,287.43332,287.27805,286.86984,286.81516,286.62766,286.3552,286.26242,285.946,285.96652
289.35715,289.60422,289.53293,289.60324,289.51242,289.3962,289.17648,288.88937,288.36594,288.905,289.11594,289.1677,289.1091,289.17746,289.0544,289.18625,289.18332,289.2761,288.4304,287.71066,288.25754,288.82785,288.6794,288.60812,287.90598,287.9929,287.89133,288.12668,288.8845,288.60812,288.6882,288.38742,288.54465,286.92844,286.76047,288.1794,288.1589,287.59348,287.30832,287.43918,287.48117,287.29074,287.32687,287.2468,287.5339,287.52707,287.50363,287.22238,287.62277,287.71652,287.46457,287.1169,286.8054,286.405,286.5886,286.49875,285.9343,285.49777,285.4763,285.26535
289.62668,289.78586,289.15793,289.17746,289.52512,289.6472,289.38254,289.56906,289.24777,288.83273,287.97238,289.0837,288.81125,288.79172,288.89816,288.7761,289.03195,288.96262,288.39035,288.13547,288.19504,289.0222,288.61496,288.29562,288.24094,288.0222,287.82004,288.3835,288.4802,288.30832,288.6638,288.0173,287.41672,286.83762,286.74484,287.08762,288.0007,287.60715,287.5388,287.23508,287.0046,287.13547,286.88937,287.07492,286.98508,287.1843,286.8513,286.6755,287.17062,287.3386,287.0847,286.78976,286.09152,285.8425,285.94016,285.7263,285.16574,285.73898,285.35324,285.04855
289.6794,288.65598,286.12375,286.58664,289.08176,289.5554,289.49582,289.35226,289.16965,289.04367,287.64816,286.88254,289.01144,288.8503,288.8552,288.77805,288.93723,288.4382,287.6462,288.54855,288.42355,288.35812,288.1804,288.0632,288.42746,287.75754,287.572,287.65793,287.27414,288.0554,287.85226,287.44894,286.22433,286.45676,286.22433,287.4177,287.4089,287.3503,287.2966,287.4929,286.1003,286.072,286.9587,286.73605,286.74875,286.54367,286.13937,284.94992,285.1218,285.91476,286.32394,286.34933,286.0759,285.19992,285.46457,285.50168,285.3718,285.4421,285.53976,285.52414
289.47726,288.42355,286.1335,285.23605,288.7097,289.113,289.54855,289.11398,289.1179,289.2546,288.64328,286.7341,287.00754,288.58664,288.96457,288.42844,287.89328,286.68918,286.58273,288.78683,288.59543,288.84738,288.5378,287.54953,287.72922,287.23996,287.24094,286.15207,286.655,286.6091,287.54855,286.31516,285.93527,286.18137,286.18723,286.99387,287.61594,287.5339,286.22726,285.88254,285.04465,285.48996,286.57297,286.59836,286.42844,286.5847,286.113,285.79172,285.14426,284.0466,284.88058,284.8835,285.27316,285.488,284.74094,284.67746,284.4343,285.1296,285.0339,285.33664
289.86984,289.64816,289.50168,288.00363,288.66476,288.3835,288.571,288.12863,288.0759,288.0466,288.39035,287.14426,286.23898,286.48117,287.94797,288.0554,286.65988,286.0173,286.30637,288.50168,289.0007,288.97824,288.5134,287.49094,286.83664,286.16086,285.51047,285.70773,286.19016,287.21164,286.5388,286.39816,286.33664,286.0007,286.3464,286.83078,287.27023,286.93625,285.51828,285.60324,284.58664,284.26144,284.3298,285.62277,286.5222,286.68137,286.32687,285.21555,284.6462,284.3923,283.84348,284.10812,284.2136,284.22824,284.74973,284.85324,284.6218,284.5378,284.63742,285.0427
290.11496,288.95383,290.30734,289.69308,289.0388,287.13156,284.6169,284.53586,284.8347,285.8835,287.56027,287.14816,286.3425,285.79172,285.86594,286.0847,286.2585,286.34348,285.7722,285.46457,288.30637,288.8298,287.4343,286.7712,286.0593,285.2595,285.55734,285.92258,286.70773,286.51242,286.6921,286.65012,286.19406,286.17258,286.67062,286.5632,286.24777,285.66867,285.863,285.60617,285.23605,283.54953,282.74777,283.95285,285.1638,285.8591,285.11594,285.02414,284.3005,283.84933,284.05246,284.31808,284.19308,284.45773,284.28293,284.03683,283.7214,283.56808,283.8552,284.4597
289.90207,290.39523,290.65695,289.0593,288.9128,286.3845,284.03586,283.26633,283.8259,285.21555,286.76144,286.73312,286.5554,285.37277,285.56223,285.48117,285.73605,285.45285,285.02512,284.64523,285.69797,286.63058,286.61594,285.3503,284.62766,284.06125,285.5378,285.8679,285.7419,285.5632,286.67258,286.3591,286.44308,286.96555,286.7263,286.08273,286.26828,286.26926,285.92844,284.4304,283.93625,284.65695,282.97824,284.00558,284.42746,284.7468,284.59445,284.14328,284.2839,284.27707,284.03488,284.18527,284.0378,283.80344,283.2087,284.17258,283.9294,283.28195,283.39133,283.45676
