frontend/src/assets/file/spot/swh.json
{"header": {"discipline":10,"disciplineName":"Oceanographic products","gribEdition":2,"gribLength":315212,"center":98,"centerName":"European Center for Medium-Range Weather Forecasts (RSMC)","subcenter":0,"refTime":"2019-04-26T00:00:00.000Z","significanceOfRT":1,"significanceOfRTName":"Start of forecast","productStatus":0,"productStatusName":"Operational products","productType":1,"productTypeName":"Forecast products","productDefinitionTemplate":0,"productDefinitionTemplateName":"Analysis/forecast at horizontal level/layer at a point in time","parameterCategory":0,"parameterCategoryName":"Waves","parameterNumber":3,"parameterNumberName":"Significant_height_of_combined_wind_waves_and_swell","parameterUnit":"m","genProcessType":0,"genProcessTypeName":"Analysis","forecastTime":78,"surface1Type":101,"surface1TypeName":"Mean sea level","surface1Value":0.0,"surface2Type":255,"surface2TypeName":"Missing","surface2Value":-9.999E-252,"gridDefinitionTemplate":0,"gridDefinitionTemplateName":"Latitude_Longitude","numberPoints":259920,"shape":6,"shapeName":"Earth spherical with radius of 6,371,229.0 m","gridUnits":"degrees","resolution":48,"winds":"true","scanMode":0,"nx":720,"ny":361,"basicAngle":0,"lo1":0.0,"la1":90.0,"lo2":359.5,"la2":-90.0,"dx":0.5,"dy":0.5}, "data":
[rows 196 to 223 of 361, columns 189 to 251 of 720]
1.5542467,1.4890611,1.3901842,1.2178209,"NaN","NaN","NaN","NaN",0.09257678,0.18266466,0.17021349,0.15873888,0.12846544,"NaN","NaN","NaN","NaN","NaN",0.25395373,0.29448107,0.28544787,0.27519396,0.27641466,0.27324083,0.2634752,0.24809435,0.2051256,"NaN",0.24247912,0.303026,0.3235338,0.33183458,0.33622912,0.3704088,0.36723498,0.35795763,0.37748888,0.39775255,0.34599474,"NaN","NaN","NaN","NaN","NaN","NaN","NaN","NaN",0.42363146,0.50786,0.52787954,0.5505846,0.5305651,0.5186022,0.50761586,0.5181139,0.5491198,0.6177233,0.7417467,0.88481313,0.93364125,0.9343737,0.8767565,0.84575063
1.5701158,1.5269029,1.4133775,1.1877916,0.88310415,0.7102526,"NaN","NaN","NaN","NaN",0.11308459,0.15849474,0.1479967,0.12089709,"NaN","NaN","NaN","NaN",0.24516466,0.28764513,0.2808092,0.25932482,0.24833849,0.23930529,0.2820299,0.26005724,0.19096544,0.20195177,0.31645373,0.34477404,0.31352404,0.30619982,0.31181505,0.33989123,0.3252428,0.33110216,0.37065294,0.35209826,"NaN","NaN","NaN","NaN","NaN","NaN","NaN","NaN",0.028611936,0.4893053,0.5449694,0.55204946,0.5745104,0.55204946,0.5474108,0.54887563,0.55327016,0.57597524,0.63481313,0.7488268,0.8433092,0.84282094,0.806444,0.69072133,"NaN"
1.5857408,1.5564439,1.4395006,0.70634633,0.61992055,0.87236196,"NaN","NaN","NaN","NaN","NaN",0.09233264,0.11943225,0.12553576,"NaN","NaN","NaN","NaN",0.22001818,0.24101427,0.26664904,0.23832873,0.16410998,0.12504748,0.28276232,0.32182482,0.27348498,0.23857287,0.29814318,0.32841662,0.27153185,0.28300646,0.2795885,0.34721544,0.2939928,0.27153185,0.1167467,"NaN","NaN","NaN","NaN","NaN","NaN","NaN","NaN","NaN","NaN",0.5178698,0.55009633,0.5630358,0.57182485,0.56230336,0.568651,0.5715807,0.57670766,0.5972155,0.6711901,0.7739733,0.86088735,0.85014516,0.72978383,0.65825063,0.7927721
1.6033189,1.5769517,1.5520494,1.4434068,0.44169787,1.0959947,0.57792836,"NaN","NaN","NaN","NaN","NaN",0.09379748,0.12870958,0.114305295,"NaN","NaN","NaN","NaN",0.05742053,0.20707873,0.20292833,0.16703966,0.20878771,0.2910631,0.3391588,0.3337877,0.26933458,0.18608263,0.19365099,0.2947252,0.24614123,0.271776,0.29252794,"NaN","NaN","NaN","NaN","NaN","NaN","NaN","NaN","NaN","NaN","NaN","NaN","NaN",0.48808458,0.5698717,0.585985,0.59941274,0.6064928,0.6116198,0.6140612,0.61821157,0.63554555,0.6990221,0.84355336,0.9770983,0.8035143,0.74369985,0.61992055,0.8787096
1.6250474,1.6011217,1.5776842,1.551317,1.5056627,1.3589342,0.9670885,0.67289907,"NaN","NaN","NaN","NaN","NaN","NaN","NaN",0.13041857,0.056688108,"NaN","NaN","NaN",0.20121935,0.19047716,0.20585802,0.25517443,0.29130724,0.334276,0.35014513,0.318651,0.24101427,0.16215685,0.17363146,0.21489123,0.22026232,0.21025255,"NaN","NaN","NaN","NaN","NaN","NaN","NaN","NaN","NaN","NaN","NaN","NaN","NaN",0.0764635,0.39653185,0.5757311,0.59404165,0.6057604,0.6101549,0.6130846,0.6243151,0.631151,0.6584948,0.7805651,1.0327623,0.8877428,0.91191274,0.63261586,0.8977526
1.6487291,1.6267564,1.6040514,1.5789049,1.5464342,1.4585435,0.27617052,0.40922716,0.5786608,"NaN","NaN","NaN","NaN","NaN","NaN",0.035447873,0.13920763,0.084276,"NaN","NaN",0.19828966,0.21025255,0.22758654,0.26371935,0.30204943,0.3469713,0.3770006,0.37065294,0.28666857,0.17436388,"NaN","NaN","NaN",0.029100217,"NaN","NaN","NaN","NaN","NaN","NaN","NaN","NaN","NaN","NaN","NaN","NaN","NaN","NaN",0.42582873,0.5618151,0.58207875,0.5950182,0.5986803,0.60600454,0.618944,0.6299303,0.6299303,0.6374987,0.7175768,0.77324086,0.7053698,"NaN",0.89384633
1.6736314,1.6509264,1.6265123,1.6001451,1.5693834,1.5291002,"NaN",0.4514635,0.7727526,"NaN","NaN","NaN","NaN","NaN","NaN","NaN","NaN","NaN",0.0920885,"NaN","NaN",0.21611193,0.23198107,0.25590685,0.29033068,0.29936388,0.12846544,0.379442,0.2939928,"NaN","NaN","NaN","NaN","NaN","NaN","NaN","NaN","NaN","NaN","NaN","NaN","NaN","NaN","NaN","NaN","NaN","NaN","NaN","NaN",0.5198229,0.52250844,0.43681505,0.23954943,"NaN","NaN","NaN",0.51542836,0.52861196,0.58256704,0.48173693,"NaN",0.63798696,0.91557485
1.699022,1.6755846,1.6492174,1.6196764,1.5881822,1.5537584,1.5022447,1.3386705,0.9460924,0.44340685,"NaN","NaN","NaN","NaN","NaN","NaN","NaN","NaN",0.082811154,0.06108264,0.11113147,0.2195299,0.22050646,0.23051623,0.24394396,0.20463732,0.25468615,0.28105333,0.13945177,"NaN","NaN","NaN","NaN","NaN","NaN","NaN","NaN","NaN","NaN","NaN","NaN","NaN","NaN","NaN","NaN","NaN","NaN",0.2285631,0.37553576,0.45170763,0.35405138,0.083055295,"NaN","NaN","NaN","NaN","NaN","NaN","NaN","NaN","NaN",0.8992174,0.901903
1.7239244,1.7002428,1.6716783,1.6411607,1.6089342,1.5764635,1.5398424,1.3398912,0.09794787,0.6296862,0.6545885,"NaN","NaN","NaN","NaN","NaN","NaN","NaN","NaN",0.08842639,0.044236936,0.20048693,0.20976427,0.2039049,0.18998888,0.15678576,0.1660631,0.21660021,0.1960924,0.08891467,"NaN","NaN","NaN","NaN","NaN","NaN","NaN","NaN","NaN","NaN","NaN","NaN","NaN","NaN","NaN","NaN","NaN",0.35160998,0.37846544,0.332567,0.23954943,"NaN",0.11210803,0.09770373,0.10356311,0.10527209,0.13017443,0.22953966,0.3896959,0.54789907,0.7122057,0.84892446,0.81889516
1.747606,1.7205064,1.6909654,1.6602037,1.6299303,1.5991685,1.5674303,1.5249498,0.5503405,0.9268053,0.7451647,0.615526,"NaN","NaN","NaN","NaN","NaN","NaN","NaN",0.07817248,"NaN",0.1685045,0.19413927,0.18437365,0.16972521,0.14335802,0.145067,0.21318224,0.27226427,0.114549436,"NaN","NaN","NaN","NaN","NaN","NaN","NaN","NaN","NaN","NaN","NaN","NaN","NaN","NaN","NaN","NaN","NaN",0.32792833,0.29838732,0.26249865,0.20146349,"NaN",0.08452014,0.07573108,0.06791858,0.059373654,0.11332873,0.2585924,0.39579943,0.63676625,0.7698229,0.7415026,0.712694
1.7703111,1.7402818,1.7080553,1.6772935,1.648485,1.6199205,1.5911119,1.5610826,1.4602525,0.19658068,0.47929552,0.6670397,"NaN","NaN","NaN","NaN","NaN","NaN","NaN",0.055467404,0.14848498,0.11869983,0.14531115,0.16533068,0.15190294,0.14164904,0.15336779,0.20048693,0.28471544,0.23979357,0.08598498,"NaN","NaN","NaN","NaN","NaN","NaN","NaN","NaN","NaN","NaN","NaN","NaN","NaN","NaN","NaN",0.24687365,0.27592638,0.2466295,0.23222521,0.14360216,"NaN",0.067186154,0.039109983,"NaN","NaN","NaN",0.31718615,0.5398424,0.67753774,0.740526,0.6592272,0.54472524
1.7908189,1.7585924,1.7256334,1.6946275,1.6660631,1.638231,1.6108873,1.5854967,1.5518053,"NaN",0.71122915,0.77250844,0.72319204,"NaN","NaN","NaN","NaN","NaN","NaN","NaN",0.06401233,0.08989123,0.06498889,0.14116076,0.13798693,0.13554552,0.15336779,0.18535021,0.24150255,0.24077013,0.21611193,0.06279162,"NaN","NaN","NaN","NaN","NaN","NaN","NaN","NaN","NaN","NaN","NaN","NaN","NaN",0.24077013,0.27202013,0.24833849,0.22685412,0.22880724,"NaN","NaN","NaN","NaN","NaN","NaN",0.26738146,"NaN","NaN",0.6152819,0.7261217,0.45732287,0.48710802
1.8091295,1.7761705,1.7439439,1.7134264,1.6846178,1.6562974,1.6289537,1.6033189,1.5793931,1.549608,1.2490709,0.64506704,0.71244985,"NaN","NaN","NaN","NaN","NaN","NaN","NaN","NaN",0.08036975,"NaN","NaN",0.11650256,0.1233385,0.1479967,0.16801623,0.20170763,0.21586779,0.26201037,0.059129514,"NaN","NaN","NaN","NaN","NaN","NaN","NaN","NaN","NaN","NaN","NaN","NaN",0.18193224,0.2766588,0.2651842,0.24687365,0.23930529,0.2207506,"NaN","NaN","NaN","NaN",0.1245592,0.30497912,0.3223131,0.32817248,0.4028795,0.46440294,"NaN",0.4370592,0.38310412
1.8262193,1.7939928,1.7637193,1.7341783,1.7048814,1.6753404,1.6472642,1.6230943,1.6025865,1.582567,1.5566881,1.0452135,0.59941274,0.71977407,"NaN","NaN","NaN","NaN","NaN","NaN","NaN","NaN","NaN","NaN",0.059617795,0.106004514,0.11259631,0.1360338,0.16972521,0.2153795,0.2141588,0.12870958,"NaN","NaN","NaN","NaN","NaN","NaN","NaN","NaN","NaN","NaN","NaN","NaN","NaN",0.28666857,0.271776,0.25834826,0.25908068,0.21635607,"NaN","NaN","NaN","NaN","NaN",0.25712755,0.34062365,0.40263537,0.43876818,0.45536974,0.4358385,0.43925646,0.41826037
1.8408678,1.8105943,1.782274,1.754442,1.724901,1.6946275,1.6665514,1.6436021,1.624315,1.6082017,1.593065,1.5508287,0.3889635,1.047899,"NaN","NaN","NaN","NaN","NaN","NaN","NaN","NaN","NaN",0.026902951,"NaN",0.14555529,0.052781858,"NaN",0.17119005,0.21586779,0.2273424,0.16874865,0.036912717,"NaN",0.038865842,"NaN","NaN","NaN","NaN","NaN","NaN","NaN","NaN","NaN",0.25956896,0.3091295,0.30864123,0.31425646,0.2898424,"NaN","NaN","NaN",0.121629514,0.12089709,"NaN","NaN",0.26591662,0.4202135,0.459276,0.45732287,0.459276,0.47758654,0.43632677
1.8530748,1.8249986,1.7983873,1.7710435,1.742235,1.7131822,1.686815,1.6650865,1.646776,1.6301744,1.6157701,1.6008775,1.5332506,1.480272,1.4001939,"NaN","NaN","NaN","NaN","NaN","NaN","NaN","NaN",0.08232287,0.19682482,0.21342638,0.21757677,0.19316271,0.20854357,0.22294787,0.23320177,0.23222521,0.20561388,0.18437365,0.15336779,0.07841662,0.08378772,0.1245592,0.08036975,0.083299436,0.020799436,"NaN","NaN","NaN",0.2651842,0.32011583,0.33452013,0.3560045,0.3330553,"NaN","NaN","NaN",0.17338732,"NaN","NaN","NaN",0.2573717,0.27397326,0.47587755,0.51469594,0.49369982,0.5203112,0.53154165
1.8662584,1.8394029,1.8140123,1.7864244,1.7581041,1.7310045,1.7078111,1.6887681,1.6707017,1.653856,1.6372545,1.6204088,1.6035631,1.481981,1.3669908,1.440233,"NaN","NaN","NaN","NaN","NaN","NaN","NaN",0.11577014,0.207567,0.22490099,0.24272326,0.2375963,0.23466662,0.23173693,0.23198107,0.23857287,0.23466662,0.23417833,0.22660998,0.2195299,0.22270373,0.23344591,0.22905138,0.2207506,0.14848498,"NaN",0.22343615,0.14213732,0.29545763,0.33720568,0.41435412,0.41215685,0.36577013,0.33574083,0.27153185,"NaN",0.22416857,0.19413927,"NaN","NaN","NaN",0.1335924,0.4822252,0.5439928,0.63383657,0.60063344,0.66728383
1.8809068,1.8555162,1.8296373,1.8025377,1.7747056,1.749315,1.7283189,1.7107408,1.6938951,1.6775377,1.6609361,1.643358,1.6274889,1.6128404,1.5762193,1.5432603,1.429735,"NaN","NaN","NaN","NaN","NaN","NaN",0.14970568,0.22465685,0.21684435,0.22807482,0.24858263,0.25175646,0.24638537,0.24101427,0.23539904,0.22807482,0.22831896,0.23369005,0.23808458,0.24125841,0.23735216,0.24443224,0.27568224,0.3223131,0.3564928,0.31913927,0.34550646,0.35673693,0.39653185,0.4678209,0.47758654,0.426317,0.35038927,0.32304552,"NaN",0.27617052,0.28276232,"NaN","NaN",0.12138537,"NaN",0.5139635,0.55082875,0.64506704,0.72758657,0.73295766
1.8928697,1.8696764,1.8445299,1.8174303,1.7922838,1.7681139,1.747606,1.7300279,1.7134264,1.6975572,1.6829088,1.6692369,1.6570299,1.641649,1.6162584,1.5486314,1.3394029,1.4668443,1.4353502,"NaN","NaN","NaN","NaN",0.18486193,0.23124865,0.23173693,0.24125841,0.25395373,0.26005724,0.2610338,0.25785998,0.24516466,0.23710802,0.22490099,0.23832873,0.23979357,0.23954943,0.238817,0.24638537,0.2556627,0.2507799,0.4148424,0.40556505,0.38139513,0.40385607,0.44267443,0.55204946,0.4822252,0.49492052,0.39457873,0.13041857,"NaN",0.3337877,0.2688463,0.19316271,0.10331897,"NaN",0.24589708,0.48295763,0.52787954,0.6267565,0.6965807,0.77494985
1.9058092,1.8813951,1.8545396,1.8289049,1.8061998,1.7832506,1.76494,1.747606,1.7310045,1.7161119,1.7017076,1.690233,1.6816881,1.6741197,1.6675279,1.4875963,1.3547838,1.5352037,1.579149,1.5649889,"NaN","NaN","NaN",0.18901232,0.12358264,0.24931505,0.2725084,0.24858263,0.24223498,0.24223498,0.24443224,0.23564318,0.22368029,0.21977404,0.22490099,0.23369005,0.25004748,0.26786974,0.28959826,0.31425646,0.38261583,0.4497545,0.4443834,0.43925646,0.48051623,0.5283678,0.62700063,0.56816274,0.57475454,0.43095568,"NaN","NaN",0.35966662,0.3506334,0.318651,0.23173693,0.08354358,0.25053576,0.31059435,0.4966295,0.5979479,0.64579946,0.7585924
1.9216783,1.8896959,1.8628404,1.8376939,1.8140123,1.7947252,1.7778795,1.7624986,1.7478502,1.7341783,1.7209947,1.7102525,1.7009752,1.6943834,1.6946275,1.7043931,1.705858,1.7019517,1.7019517,1.6987779,1.5945299,1.487108,0.90483266,0.26860216,0.1492174,0.13896349,0.2820299,0.2429674,0.26494005,0.22538927,0.21879748,0.21660021,0.1997545,0.2183092,0.22148302,0.23149279,0.25395373,0.2939928,0.33452013,0.39213732,0.44951037,0.4744127,0.4810045,0.50151235,0.57304555,0.66606313,0.62162954,0.77983266,0.6116198,0.55497915,0.5749987,0.33989123,"NaN",0.4185045,0.40068224,0.37065294,0.36747912,0.4160631,0.45121935,0.3889635,0.55912954,0.617235,0.71733266
1.9336412,1.9004381,1.8682115,1.8442857,1.8230455,1.8052232,1.7900865,1.7766588,1.7639635,1.7515123,1.7397935,1.7295396,1.7217271,1.7239244,1.7375963,1.7441881,1.7541978,1.7627428,1.7710435,1.7786119,1.7747056,1.655565,0.84037954,"NaN","NaN","NaN","NaN","NaN","NaN",0.21977404,0.1895006,0.17314318,0.13578966,"NaN",0.23564318,0.2495592,0.26567248,0.29619005,0.33085802,0.39335802,0.4580553,0.48613146,0.50029165,0.58867055,0.7278307,1.0122545,0.75810415,1.1492174,0.87895375,0.62358266,0.5276354,0.48198107,0.37138537,0.22368029,0.3889635,0.36869982,0.37504748,0.45536974,0.47783068,0.5103014,0.54423696,0.585985,0.67509633
1.9458482,1.9128892,1.8806627,1.8557603,1.8340318,1.8181627,1.8054674,1.7937486,1.7812974,1.7686021,1.7573717,1.7485826,1.7524889,1.7681139,1.7737291,1.7871568,1.8025377,1.8193834,1.8364732,1.8511217,1.863817,1.870897,1.6807115,1.5708482,0.9753893,"NaN","NaN","NaN","NaN","NaN","NaN","NaN","NaN","NaN","NaN","NaN","NaN","NaN","NaN","NaN",0.30937365,0.27714708,0.23979357,0.6111315,0.82841665,1.0002916,1.2656724,1.0581529,1.0837877,0.6567858,0.5698717,0.49345568,0.349901,0.32304552,0.3643053,0.39042833,0.3938463,0.45854357,0.4966295,0.49980333,0.49443224,0.51957875,0.5913561
1.960985,1.922899,1.88994,1.8640611,1.8440416,1.8313463,1.8220689,1.8115709,1.7986314,1.7861803,1.777147,1.778856,1.7952135,1.8120592,1.8225572,1.843065,1.8601549,1.8755357,1.8948228,1.9094713,1.9172838,1.9270494,1.9253404,1.9187486,1.862108,1.7344224,"NaN","NaN","NaN","NaN","NaN","NaN","NaN","NaN","NaN","NaN","NaN",0.17411974,0.19511583,0.23661974,0.30693224,0.3757799,0.49687365,0.66679555,0.6912096,0.7097643,0.83793813,0.83500844,0.776903,0.67045766,0.5317858,0.4304674,0.33891466,0.29960802,0.34013537,0.5173815,0.40239123,0.4202135,0.46318224,0.49492052,0.43095568,0.36332873,0.4893053
1.95244,1.9163072,1.8889635,1.8667467,1.8503892,1.8416002,1.8347642,1.8254869,1.8140123,1.8042467,1.8020494,1.8166978,1.8435533,1.8608873,1.874315,1.8955553,1.9097154,1.9304674,1.9470689,1.9568346,1.9612291,1.966356,1.9622056,1.9531724,1.9390123,1.9199693,1.9053209,1.8965318,1.8645494,1.8484361,1.8237779,1.7573717,"NaN","NaN","NaN","NaN","NaN","NaN","NaN","NaN",0.35917833,0.41581896,0.53227407,0.79423696,0.5330065,0.5295885,0.54423696,0.7048815,0.6653307,0.6208971,0.521776,0.44780138,0.40629748,0.426317,0.37626818,0.40751818,0.41655138,0.2964342,0.3096178,0.41020373,0.28935412,0.21220568,0.33159044
1.9429185,1.910692,1.8896959,1.8694322,1.8579576,1.8523424,1.8477037,1.8394029,1.8296373,1.8242662,1.8337877,1.863817,1.8926256,1.9121568,1.9265611,1.9475572,1.9678209,1.980272,1.9883287,1.9961412,1.9961412,1.9954088,1.9936998,1.9878404,1.9612291,1.9358385,1.9302232,1.9438951,1.9563463,1.964647,1.9624498,1.9446275,1.9329088,1.9207017,1.9026353,1.8667467,1.8191392,1.7151353,1.4563463,"NaN",0.46855333,"NaN","NaN",0.57719594,"NaN","NaN","NaN",0.14213732,"NaN","NaN","NaN","NaN","NaN","NaN",0.11650256,"NaN",0.08061389,"NaN","NaN",0.66508657,0.6887682,0.55327016,0.28764513
1.9311998,1.9050767,1.88286,1.8721178,1.8657701,1.8640611,1.8623521,1.8550279,1.8467271,1.849901,1.8735826,1.9131334,1.9482896,1.9695299,1.9924791,2.0007799,2.009813,2.0232408,2.0344713,2.0405748,2.0422838,2.0386217,2.0325181,2.013231,1.9727037,1.9644029,1.980272,1.9951646,1.9956529,1.9980943,1.9875963,1.9753892,1.9629381,1.950731,1.9416978,1.924608,1.9067857,1.8975084,1.8879869,1.8706529,1.8491685,1.8206041,1.7854478,1.7808092,1.7415025,"NaN","NaN",1.4915025,1.4648912,1.3645494,1.0198228,0.834276,0.78764516,0.72441274,0.79423696,0.93535024,1.0188463,0.9514635,0.8262194,0.64702016,0.49565294,"NaN","NaN"
1.9238756,1.8975084,1.8765123,1.8713853,1.8733385,1.8755357,1.8733385,1.8647935,1.8633287,1.881151,1.9192369,1.9707506,2.004442,2.023729,2.0352037,2.0469224,2.058153,2.0735338,2.087938,2.1045396,2.10161,2.0955064,2.0749986,2.016649,1.9832017,2.0088365,2.028856,2.0361803,2.0398424,2.0300767,2.0159166,2.0122545,2.004686,1.987108,1.9695299,1.941942,1.9258287,1.907274,1.9026353,1.8918931,1.8689439,1.8406236,1.815233,1.8269517,1.8196275,1.7849596,1.747606,1.6895006,1.5796373,"NaN","NaN","NaN",0.6838854,0.7747057,0.9849108,1.1011217,1.0522935,1.0068834,0.7554186,"NaN","NaN","NaN",0.8330553
