frontend/src/assets/file/spot/swh.json
{"header": {"discipline":10,"disciplineName":"Oceanographic products","gribEdition":2,"gribLength":315212,"center":98,"centerName":"European Center for Medium-Range Weather Forecasts (RSMC)","subcenter":0,"refTime":"2019-04-26T00:00:00.000Z","significanceOfRT":1,"significanceOfRTName":"Start of forecast","productStatus":0,"productStatusName":"Operational products","productType":1,"productTypeName":"Forecast products","productDefinitionTemplate":0,"productDefinitionTemplateName":"Analysis/forecast at horizontal level/layer at a point in time","parameterCategory":0,"parameterCategoryName":"Waves","parameterNumber":3,"parameterNumberName":"Significant_height_of_combined_wind_waves_and_swell","parameterUnit":"m","genProcessType":0,"genProcessTypeName":"Analysis","forecastTime":78,"surface1Type":101,"surface1TypeName":"Mean sea level","surface1Value":0.0,"surface2Type":255,"surface2TypeName":"Missing","surface2Value":-9.999E-252,"gridDefinitionTemplate":0,"gridDefinitionTemplateName":"Latitude_Longitude","numberPoints":259920,"shape":6,"shapeName":"Earth spherical with radius of 6,371,229.0 m","gridUnits":"degrees","resolution":48,"winds":"true","scanMode":0,"nx":720,"ny":361,"basicAngle":0,"lo1":0.0,"la1":90.0,"lo2":359.5,"la2":-90.0,"dx":0.5,"dy":0.5}, "data":
[rows 280 to 307 of 361, columns 63 to 125 of 720]
2.9062974,2.9104478,2.8782213,2.8332994,2.8323228,2.8469713,2.8416002,2.818895,2.8076646,2.8218248,2.8591783,2.867235,2.8928697,2.929735,2.9685533,3.0103014,3.0561998,3.105028,3.1545885,3.205858,3.2593248,3.3154771,3.374071,3.4414537,3.5247056,3.6108873,3.6858385,3.7744615,3.8809068,4.0000477,4.1506824,4.3230457,4.460497,4.600878,4.7285633,4.8872547,5.0845203,5.281542,5.448534,5.5967274,5.7256336,5.827196,5.936327,6.1213856,6.293749,6.4614735,6.6094227,6.7705555,6.8447742,7.0029774,7.009081,6.8557606,6.481493,6.0811024,5.8403797,5.6719227,5.5759754,5.5881824,5.637987,5.6753407,5.679247,5.6470203,5.5723133
2.9346178,2.9539049,2.9241197,2.8052232,2.8142564,2.8684556,2.789354,2.7620103,2.7651842,2.794481,2.8293931,2.8628404,2.898485,2.9360826,2.974901,3.0161607,3.0610826,3.10869,3.1577623,3.2100084,3.26494,3.323778,3.386522,3.4622056,3.5540025,3.63994,3.719774,3.8230455,3.9424303,4.0713367,4.2197742,4.387499,4.540575,4.680956,4.792528,4.936083,5.14287,5.326708,5.512987,5.639452,5.7532215,5.837694,5.9734364,6.162157,6.380419,6.5134754,6.6711903,6.835741,6.8916492,6.940233,6.854784,6.7202625,6.442919,6.0815907,5.7844715,5.630419,5.5254383,5.5410633,5.6187,5.6875477,5.72246,5.7117176,5.651415
2.9639146,3.0107896,2.9480455,2.7939928,2.7605455,2.7554185,2.7659166,2.735399,2.758104,2.792528,2.8286607,2.867235,2.903856,2.9416978,2.981737,3.0229967,3.0674303,3.1143053,3.1633775,3.2158678,3.2729967,3.3357408,3.4050767,3.4880846,3.5854967,3.6753404,3.7712877,3.8945787,4.0168934,4.141161,4.2864246,4.451708,4.6072254,4.721239,4.8611317,5.0574207,5.255907,5.440233,5.596239,5.6697254,5.757372,5.8000965,5.9993153,6.252001,6.404833,6.568407,6.7095203,6.8467274,6.9023914,6.81621,6.675585,6.525194,6.338915,6.022997,5.7131824,5.5583973,5.4680653,5.4958973,5.5779285,5.6682606,5.7458973,5.772753,5.7429676
2.9866197,3.0007799,2.8252428,2.7634752,2.7449205,2.7168443,2.710985,2.7153795,2.7551744,2.7991197,2.8369615,2.872362,2.9084947,2.9480455,2.9893053,3.0317857,3.0767076,3.122606,3.1724107,3.22661,3.287645,3.3513658,3.4250963,3.5137193,3.614061,3.7139146,3.8249986,3.9563463,4.0791492,4.201708,4.372118,4.5242176,4.647997,4.809374,4.9890614,5.1921864,5.3687,5.5552235,5.6453114,5.686571,5.6824207,5.8247547,6.0376453,6.2080555,6.386278,6.519579,6.68828,6.775194,6.7549305,6.6179676,6.5378895,6.3799305,6.2446766,5.995165,5.648485,5.5171375,5.4497547,5.479784,5.5603504,5.6697254,5.785448,5.847704,5.85161
3.0249498,2.9324205,2.7749498,2.738817,2.7461412,2.745653,2.726854,2.7205064,2.7512681,2.785936,2.8284166,2.8704088,2.9116685,2.9539049,2.9971178,3.0413072,3.0869615,3.1353014,3.1877916,3.2454088,3.303026,3.3686998,3.4446275,3.5354478,3.637987,3.7483385,3.8643053,3.993944,4.120165,4.247118,4.4145985,4.5635242,4.7168446,4.896288,5.064989,5.259569,5.40703,5.553026,5.613085,5.6401844,5.674364,5.825243,5.988817,6.177294,6.3679676,6.4927235,6.6128407,6.6370106,6.611864,6.44121,6.447069,6.321581,6.2168446,5.9978504,5.6250477,5.4717274,5.401415,5.4492664,5.540819,5.651903,5.7649403,5.8643055,5.908739
2.9336412,2.876024,2.8494127,2.7952135,2.7935045,2.8018053,2.811571,2.808153,2.7969224,2.7827623,2.8262193,2.8735826,2.917528,2.9602525,3.0051744,3.051561,3.099901,3.152147,3.209276,3.2673814,3.3228014,3.3928697,3.4658678,3.5559556,3.6619127,3.7727525,3.8948228,4.0254383,4.150194,4.275194,4.4143543,4.596239,4.7961903,4.9634266,5.141161,5.28911,5.4128895,5.5010242,5.545702,5.5205555,5.622362,5.772753,5.9580555,6.1226063,6.278368,6.423876,6.4578114,6.4912586,6.432665,6.3916492,6.35161,6.2012196,6.151415,5.996874,5.714403,5.5029774,5.4265614,5.4702625,5.5483875,5.607958,5.709276,5.8101063,5.896776
2.8389146,2.8799303,2.9360826,2.9148424,2.8804185,2.8999498,2.9207017,2.919481,2.9255846,2.853319,2.8613756,2.8989732,2.931688,2.9690416,3.0151842,3.0649889,3.1196764,3.1755846,3.2305162,3.2871568,3.3520982,3.4233873,3.4900377,3.575731,3.683153,3.7998521,3.9324205,4.0601063,4.1626453,4.262499,4.4214344,4.6470203,4.851122,5.0225086,5.1980457,5.330858,5.427538,5.4131336,5.3435535,5.439745,5.5623035,5.672167,5.8699207,6.03496,6.1748524,6.3262196,6.342333,6.3416004,6.2944813,6.2754383,6.228075,6.115038,6.0156727,5.884325,5.798876,5.6089344,5.5225086,5.540819,5.564745,5.575243,5.691942,5.7805653,5.8916492
2.7082994,2.7690904,2.929979,2.945604,2.9302232,2.9824693,3.001024,2.9775865,2.9468248,2.8855455,2.8874986,2.9243639,2.9451158,2.9805162,3.0283678,3.0847642,3.1440904,3.20244,3.2590806,3.3162096,3.3772447,3.4451158,3.5283678,3.6186998,3.7280748,3.8579576,3.9863756,4.0955067,4.170458,4.316454,4.505663,4.705858,4.9109364,5.0535145,5.170946,5.266405,5.3386707,5.2805653,5.3245106,5.4805164,5.521776,5.62578,5.8210926,6.0015125,6.0503407,6.1382313,6.165331,6.1211414,6.1418934,6.057909,6.054491,5.9526844,5.8540516,5.7493153,5.7515125,5.7148914,5.6487293,5.6614246,5.6558094,5.5623035,5.629198,5.7651844,5.8882313
2.6384752,2.6826646,2.8496568,2.9221666,2.9258287,2.9397447,2.9302232,2.9023912,2.870897,2.9136217,2.9319322,2.9707506,2.987108,3.0137193,3.056688,3.1096666,3.166063,3.2244127,3.285936,3.3469713,3.4102037,3.4832017,3.5571764,3.6489732,3.771776,3.9094713,4.0254383,4.1160145,4.248827,4.4353504,4.5967274,4.747118,4.911669,5.0276356,5.099169,5.184374,5.21953,5.236864,5.3677235,5.490038,5.5618153,5.691454,5.8264637,5.886278,5.879198,5.9697742,5.991747,5.9578114,5.9045887,5.8264637,5.764696,5.6416492,5.6055164,5.5764637,5.572069,5.647997,5.752489,5.745653,5.7375965,5.5608387,5.5881824,5.706835,5.880419
2.6497056,2.6887681,2.7522447,2.8479478,2.8762681,2.8855455,2.8667467,2.8489244,2.8582017,2.9275377,2.9658678,2.9695299,3.0020006,3.028612,3.0886705,3.1414049,3.1965806,3.2566392,3.3142564,3.3757799,3.4492662,3.5000474,3.5593736,3.6785142,3.8142564,3.9392564,4.0464344,4.2117176,4.3745594,4.526415,4.6523914,4.7744617,4.9023914,4.9910145,5.031542,5.083788,5.1262684,5.2808094,5.394579,5.5364246,5.5713367,5.719286,5.8083973,5.822069,5.848192,5.8628407,5.835985,5.8157215,5.7605457,5.6841297,5.596239,5.507128,5.522753,5.478075,5.4770985,5.6279774,5.669237,5.701952,5.6975574,5.569628,5.5762196,5.680956,5.8416004
2.6731431,2.7156236,2.7715318,2.8301256,2.855028,2.8762681,2.8977525,2.905565,2.9131334,2.9224107,2.9624498,2.992235,3.023729,3.0610826,3.1152818,3.169481,3.223192,3.2798326,3.346483,3.438524,3.5320299,3.2971666,3.6370103,3.7651842,3.8906724,4.0100574,4.1626453,4.311327,4.4543934,4.5947742,4.7202625,4.8069324,4.913622,4.978319,5.0271473,5.096483,5.2512684,5.4150867,5.5186024,5.5637684,5.6179676,5.707323,5.761034,5.732958,5.6875477,5.6660633,5.684618,5.667528,5.703417,5.6489735,5.5918446,5.4856434,5.4790516,5.400194,5.427294,5.592821,5.5132313,5.484911,5.553026,5.634081,5.63286,5.738573,5.8450184
2.7410142,2.7869127,2.8262193,2.8545396,2.883104,2.9231431,2.9683092,2.9729478,2.9551256,2.960985,3.0034654,3.0378892,3.072313,3.1108873,3.1545885,3.2029283,3.258104,3.3279283,3.4172838,3.5139635,3.5955064,3.685106,3.7773912,3.8767564,3.9775865,4.1072254,4.243456,4.38579,4.5225086,4.6511707,4.761278,4.8520985,4.9463367,5.0032215,5.1108875,5.2446766,5.424364,5.50786,5.5811024,5.599657,5.644823,5.689501,5.687792,5.6157703,5.5557117,5.584032,5.6423817,5.658495,5.6372547,5.6055164,5.646776,5.5444813,5.4768543,5.40996,5.4145985,5.483202,5.4924793,5.439745,5.5173817,5.616747,5.702196,5.746874,5.818163
2.806444,2.8452623,2.8809068,2.9202135,2.9573228,2.999071,3.0439928,3.0701158,3.058153,3.0769517,3.0898912,3.1040514,3.129442,3.1548326,3.20244,3.2593248,3.318651,3.400194,3.4912584,3.582567,3.664354,3.756151,3.8503892,3.9546373,4.064745,4.1909657,4.319628,4.458544,4.599657,4.727831,4.863817,4.9705067,5.0188465,5.106737,5.2236805,5.3606434,5.4856434,5.5398426,5.5500965,5.5811024,5.653368,5.663866,5.6243153,5.5413074,5.5168934,5.502245,5.481737,5.4961414,5.502001,5.5427723,5.644579,5.6538563,5.620653,5.4404774,5.4636707,5.4853992,5.5017567,5.4636707,5.505663,5.6177235,5.700243,5.6907215,5.708788
2.907274,2.957811,2.9944322,3.0281236,3.0527818,3.0945299,3.1421373,3.1702135,3.1809556,3.1965806,3.2014635,3.2205064,3.2263658,3.2314928,3.2549303,3.330858,3.4080064,3.4822252,3.5662096,3.6492174,3.7190416,3.7939928,3.91411,4.0400867,4.144335,4.283739,4.4236317,4.5464344,4.6728992,4.8213367,4.955858,5.0452137,5.113085,5.198534,5.306444,5.422167,5.506151,5.550829,5.561571,5.6128407,5.665575,5.637499,5.5466785,5.5190907,5.455858,5.424608,5.449999,5.485155,5.5278797,5.5417957,5.6562977,5.681444,5.609911,5.5359364,5.493944,5.506151,5.5066395,5.522997,5.506151,5.5066395,5.606249,5.676317,5.6365223
3.0176256,3.0832994,3.1335924,3.1638658,3.1873033,3.2085435,3.252733,3.283983,3.2964342,3.3164537,3.3318346,3.3372056,3.3340318,3.3245103,3.3354967,3.431688,3.5073717,3.5691392,3.6343248,3.7051256,3.7895982,3.8931139,4.0156727,4.1313953,4.2449207,4.371874,4.5015125,4.627489,4.7686024,4.912157,5.0330067,5.1260242,5.200487,5.2605457,5.370409,5.465624,5.5342274,5.5930653,5.6228504,5.6609364,5.639696,5.5947742,5.5427723,5.4443836,5.438036,5.437792,5.4685535,5.5081043,5.5134754,5.4790516,5.5417957,5.585253,5.554003,5.545702,5.533251,5.4944324,5.488573,5.4739246,5.521044,5.4875965,5.5464344,5.587206,5.573778
3.2351549,3.2588365,3.2791002,3.2761705,3.2983873,3.3289049,3.3611314,3.3816392,3.4031236,3.4302232,3.473436,3.5059068,3.4753892,3.3979967,3.3799303,3.492235,3.568651,3.6194322,3.6934068,3.7759264,3.869188,3.9724596,4.0918446,4.220751,4.3311024,4.4600086,4.590624,4.7200184,4.852831,4.9702625,5.087206,5.202196,5.276415,5.344286,5.4524403,5.583544,5.6643543,5.6716785,5.5654774,5.443407,5.5276356,5.551073,5.4458485,5.4011707,5.4387684,5.521288,5.592821,5.672655,5.660692,5.618456,5.5759754,5.5293446,5.5225086,5.5393543,5.5691395,5.578417,5.5000477,5.412401,5.4214344,5.3818836,5.4072742,5.4685535,5.4341297
3.2842271,3.2981431,3.3264635,3.391649,3.4382799,3.4568346,3.4770982,3.4805162,3.5164049,3.568651,3.6057603,3.6162584,3.5708482,3.4011705,3.410936,3.497606,3.585985,3.6648424,3.751024,3.8420885,3.9512193,4.0740223,4.182909,4.3091297,4.4253407,4.545946,4.6714344,4.792284,4.913378,5.038378,5.168749,5.2754383,5.3818836,5.483202,5.6091785,5.7466297,5.528612,5.4946766,4.1770496,5.1770496,5.5413074,5.295458,5.033251,5.3066883,5.620165,5.7651844,5.917284,5.943163,5.910448,5.849169,5.70537,5.559374,5.4507313,5.481493,5.4858875,5.5151844,5.483202,5.386034,5.380419,5.3037586,5.2915516,5.3589344,5.412157
3.4070299,3.4380357,3.4971178,3.5488756,3.5498521,3.5684068,3.5854967,3.619188,3.674608,3.7056139,3.7261217,3.7712877,3.6980455,3.0713365,3.405565,3.5574205,3.6421373,3.7322252,3.8262193,3.9336412,4.0520496,4.1694813,4.2827625,4.394335,4.518358,4.634569,4.7424793,4.8542957,4.983202,5.1208973,5.2639637,5.4080067,5.53496,5.655077,5.7620106,5.860155,5.346239,5.1580067,5.6748524,5.769335,5.8975086,5.391161,5.6453114,5.993456,6.1023426,6.084276,6.0832996,6.0828114,6.0588856,5.9683094,5.8418446,5.672655,5.5642567,5.4548817,5.4802723,5.3921375,5.295458,5.210253,5.2043934,5.2148914,5.210497,5.248583,5.3296375
3.5100572,3.5730455,3.627733,3.6558092,3.731981,3.8247545,3.8391588,3.822069,3.846483,3.8774889,3.8667467,3.8525865,3.763231,3.6409166,3.764696,3.778856,3.810106,3.872606,3.9656236,4.057665,4.155321,4.270067,4.3975086,4.512499,4.6228504,4.731737,4.824999,4.9336414,5.0603504,5.2239246,5.398241,5.555956,5.679003,5.7668934,5.868944,5.9773426,6.068163,6.165331,6.29204,6.4080067,6.3955555,6.3796864,6.359667,6.3135242,6.2966785,6.2353992,6.1768055,6.177538,6.1208973,6.084276,5.972948,5.7935047,5.514208,5.3274403,5.25078,5.182909,5.0393543,4.949999,4.932665,4.9963856,5.0671864,5.0916004,5.1711903
3.693895,3.7739732,3.8459947,3.9221666,3.954149,3.9409654,3.9580553,3.9746568,3.9900377,3.9868639,3.9499986,3.9224107,3.9326646,3.8574693,3.8513658,3.8630846,3.901903,3.9683092,4.0549793,4.146044,4.2483387,4.3560047,4.4670887,4.5815907,4.690233,4.7827625,4.8660145,4.974657,5.1389637,5.315233,5.4810047,5.6162586,5.7310047,5.8350086,5.953417,6.0635242,6.191454,6.3506336,6.4612293,6.471239,6.4282703,6.3523426,6.3501453,6.356737,6.304735,6.229784,6.2065907,6.161913,6.1453114,6.1111317,6.023485,5.778612,5.446825,5.180956,5.0361805,4.913378,4.79912,4.752001,4.7529774,4.7827625,4.849413,4.918749,5.01787
3.7864244,3.8762681,3.978563,4.049608,4.06621,4.0730457,4.065233,4.0588856,4.0706043,4.0569324,4.0305653,4.0271473,4.023485,4.007128,3.9443834,3.9148424,3.9656236,4.028124,4.1069813,4.198534,4.2998524,4.4109364,4.5205555,4.6216297,4.733202,4.8159657,4.7707996,4.988329,5.222704,5.3975086,5.537401,5.6614246,5.787157,5.915331,6.0586414,6.223192,6.3838367,6.4856434,6.495165,6.4236317,6.3420887,6.3645496,6.3518543,6.3223133,6.2649403,6.2412586,6.1995106,6.149706,6.0935535,6.0205555,5.7949696,5.4941883,5.1716785,4.953417,4.818407,4.663378,4.610155,4.6318836,4.6299305,4.601366,4.632372,4.713915,4.8086414
3.7937486,3.8972642,4.007372,4.1143055,4.167528,4.177782,4.1838856,4.190233,4.207079,4.205858,4.160448,4.140917,4.1296864,4.064989,4.004442,3.966112,3.992479,4.0569324,4.139452,4.238817,4.342333,4.4458485,4.5518055,4.6592274,4.779833,4.9041004,5.028124,5.183153,5.3262196,5.457323,5.58037,5.710253,5.853319,6.002489,6.1887684,6.3660145,6.4739246,6.448778,6.3833485,6.3542957,6.344286,6.3137684,6.3020496,6.257616,6.215868,6.175829,6.0967274,5.9980946,5.8560047,5.679491,5.4268055,5.113817,4.837694,4.65996,4.536913,4.490038,4.511278,4.5569324,4.557909,4.5190907,4.509569,4.5256824,4.585985
3.804979,3.8718736,3.9565904,4.037157,4.0674305,4.0588856,4.0417957,4.0105457,3.974901,3.9634264,3.9563463,3.9561021,3.9499986,3.8977525,3.9321764,3.9451158,3.9944322,4.0728016,4.1631336,4.259325,4.357958,4.4631824,4.58037,4.699999,4.8281727,4.9582996,5.091112,5.2290516,5.3682117,5.4924793,5.622118,5.7449207,5.886034,6.06621,6.262743,6.370165,6.3506336,6.314501,6.320116,6.3057117,6.2827625,6.257616,6.2014637,6.143114,6.087206,6.003954,5.8833485,5.731737,5.544237,5.3264637,5.077196,4.804003,4.6069813,4.4858875,4.450487,4.4636707,4.502733,4.5186024,4.482958,4.4697742,4.483446,4.456835,4.4600086
3.7932603,3.8306139,3.8684556,3.9062974,3.9163072,3.9026353,3.88994,3.8887193,3.9070299,3.9233873,3.920946,3.8960435,3.872362,3.8972642,3.9092271,3.9302232,3.9966295,4.0813465,4.174608,4.2690907,4.3716297,4.47954,4.5937977,4.719286,4.847704,4.9648914,5.080858,5.222948,5.363817,5.4858875,5.6091785,5.7600574,5.9375477,6.1248035,6.210985,6.219286,6.2407703,6.2686024,6.272753,6.2493153,6.2288074,6.1538563,6.082567,6.028612,5.939501,5.823534,5.676317,5.491747,5.309618,5.089403,4.8850574,4.7024403,4.569872,4.5029774,4.4687977,4.446825,4.4619617,4.4734364,4.4302235,4.4058094,4.4038563,4.408983,4.4370594
3.7187974,3.7275865,3.7415025,3.7617662,3.7744615,3.7766588,3.7895982,3.8193834,3.8474596,3.8511217,3.8335435,3.80327,3.8044908,3.8599107,3.8767564,3.9250963,3.997362,4.085253,4.177782,4.2744617,4.3748035,4.4810047,4.5952625,4.7168446,4.834032,4.94829,5.0713367,5.2014637,5.3332996,5.464159,5.622118,5.8003407,5.943163,6.0171375,6.053026,6.1094227,6.147753,6.1702137,6.1904774,6.1645985,6.099901,6.021288,5.951708,5.879198,5.78203,5.6541004,5.498583,5.318407,5.1365223,4.96245,4.8035145,4.6748524,4.5740223,4.519579,4.467577,4.4211903,4.3938465,4.410692,4.4338856,4.4160633,4.3572254,4.363329,4.4009266
3.631395,3.6194322,3.6392076,3.6704576,3.6811998,3.6721666,3.67827,3.7051256,3.714403,3.7056139,3.7312486,3.8162096,3.8401353,3.8298814,3.8572252,3.9226549,3.999071,4.082567,4.172655,4.2688465,4.370409,4.476366,4.587694,4.698534,4.8083973,4.926317,5.043993,5.1667957,5.294237,5.4370594,5.5955067,5.726366,5.785448,5.814989,5.8953114,5.9819813,6.0308094,6.09453,6.14995,6.1108875,5.9861317,5.884569,5.8176746,5.75371,5.6523914,5.521532,5.3699207,5.19121,5.0378895,4.877001,4.7358875,4.6233387,4.5410633,4.495165,4.4719715,4.4194813,4.3762684,4.3643055,4.377489,4.3916492,4.378954,4.3850574,4.410692
3.613817,3.6008775,3.593065,3.5869615,3.575731,3.5806139,3.6060045,3.627733,3.6665514,3.738817,3.8069322,3.8391588,3.8540514,3.8467271,3.876024,3.9285142,3.9968736,4.0781727,4.1685047,4.2656727,4.3657703,4.4683094,4.571825,4.680956,4.7915516,4.900194,5.012987,5.1370106,5.2632313,5.395067,5.5032215,5.5535145,5.5723133,5.6614246,5.771532,5.8882313,5.9805164,6.044237,6.0295887,5.936083,5.8071766,5.7197742,5.660204,5.604784,5.548876,5.4316883,5.28911,5.045702,4.8574696,4.7356434,4.6538563,4.5933094,4.5410633,4.4963856,4.4687977,4.447069,4.4228992,4.391405,4.362108,4.3506336,4.3589344,4.357958,4.3733387
3.499315,3.5413072,3.5510728,3.5476549,3.545946,3.5662096,3.6089342,3.6685045,3.7219713,3.787645,3.8296373,3.839403,3.822313,3.8252428,3.8652818,3.922899,3.9868639,4.0657215,4.1528797,4.245409,4.341112,4.439501,4.5452137,4.651659,4.7598133,4.8728504,4.988573,5.09746,5.210741,5.3088856,5.374071,5.415819,5.4827137,5.5886707,5.7148914,5.809618,5.900194,5.9182606,5.849901,5.7427235,5.6592274,5.6160145,5.5762196,5.5239735,5.449999,5.3291492,5.22661,5.031786,4.905077,4.798876,4.709276,4.6509266,4.607958,4.578661,4.542528,4.506151,4.4666004,4.450487,4.43828,4.417528,4.390917,4.3940907,4.4041004
