frontend/src/assets/file/spot/swh.json
{"header": {"discipline":10,"disciplineName":"Oceanographic products","gribEdition":2,"gribLength":315212,"center":98,"centerName":"European Center for Medium-Range Weather Forecasts (RSMC)","subcenter":0,"refTime":"2019-04-26T00:00:00.000Z","significanceOfRT":1,"significanceOfRTName":"Start of forecast","productStatus":0,"productStatusName":"Operational products","productType":1,"productTypeName":"Forecast products","productDefinitionTemplate":0,"productDefinitionTemplateName":"Analysis/forecast at horizontal level/layer at a point in time","parameterCategory":0,"parameterCategoryName":"Waves","parameterNumber":3,"parameterNumberName":"Significant_height_of_combined_wind_waves_and_swell","parameterUnit":"m","genProcessType":0,"genProcessTypeName":"Analysis","forecastTime":78,"surface1Type":101,"surface1TypeName":"Mean sea level","surface1Value":0.0,"surface2Type":255,"surface2TypeName":"Missing","surface2Value":-9.999E-252,"gridDefinitionTemplate":0,"gridDefinitionTemplateName":"Latitude_Longitude","numberPoints":259920,"shape":6,"shapeName":"Earth spherical with radius of 6,371,229.0 m","gridUnits":"degrees","resolution":48,"winds":"true","scanMode":0,"nx":720,"ny":361,"basicAngle":0,"lo1":0.0,"la1":90.0,"lo2":359.5,"la2":-90.0,"dx":0.5,"dy":0.5}, "data":
[rows 84 to 111 of 361, columns 315 to 377 of 720]
0.34550646,0.37748888,0.38945177,0.39726427,0.43266466,0.48539904,0.52983266,0.52006704,"NaN","NaN","NaN","NaN","NaN",0.5256823,0.48417833,"NaN",0.915819,0.9656237,0.9080065,1.2292955,1.2107408,1.2947252,1.3323228,1.3601549,1.3208482,1.042772,2.6721666,3.0295885,3.1545885,3.0625474,2.9709947,2.8311021,2.692186,2.5713365,2.5015123,2.49077,2.528856,2.5854967,2.6462877,2.7122056,2.7837389,2.8679674,2.9634264,3.0662096,3.1743639,3.2932603,3.4128892,3.5222642,3.6152818,3.6982896,3.7644517,3.8149889,3.856981,3.8860338,3.8791978,3.82036,3.7170885,3.5476549,3.353319,3.157274,2.9695299,2.775438,2.5708482
0.40190294,0.4539049,0.49760607,0.52861196,0.5662096,0.558153,"NaN","NaN","NaN","NaN","NaN","NaN",0.5942858,0.9404772,1.0312974,1.1768053,1.4214342,1.530565,1.3721178,1.4568346,1.5659654,1.7063463,1.8538072,2.0222642,2.3772447,2.7764146,3.0386217,3.1040514,3.100145,3.0386217,2.9043443,2.778612,2.6482408,2.5605943,2.51494,2.5186021,2.551561,2.5889146,2.6299303,2.691942,2.7727525,2.860399,2.95244,3.0503404,3.1667955,3.2957017,3.4102037,3.527147,3.6448228,3.7537096,3.8262193,3.8853014,3.9250963,3.9377916,3.9189928,3.8589342,3.7356431,3.5386217,3.306688,3.1186998,2.912645,2.6909654,2.4343736
0.44926623,0.5046862,0.54423696,0.5684069,0.5691393,"NaN","NaN","NaN","NaN","NaN","NaN","NaN",0.743944,"NaN","NaN",1.450731,1.7080553,1.7505357,1.7029283,1.8105943,1.9412096,2.0596178,2.2676256,2.667528,2.8909166,3.0749986,3.1367662,3.113817,3.0937974,2.980028,2.837694,2.6909654,2.5891588,2.528856,2.508104,2.528612,2.5603502,2.584276,2.6186998,2.6899889,2.7827623,2.8682115,2.962938,3.0935533,3.188524,3.2551744,3.36577,3.5059068,3.63994,3.7292955,3.80327,3.8564928,3.902147,3.9277818,3.8982408,3.8289049,3.6999986,3.521776,3.2568834,3.0503404,2.785692,2.5823228,2.3201158
0.45488146,0.46122912,0.48491076,0.4424303,"NaN","NaN","NaN","NaN","NaN","NaN","NaN","NaN",1.0127428,1.3579576,1.5393541,1.8320787,2.054979,2.0056627,2.0276353,2.1614244,2.3020494,2.545946,2.8245103,2.9304674,2.9243639,2.9687974,3.1135728,3.0649889,2.966356,2.8281724,2.6941392,2.5857408,2.5198228,2.4966295,2.497362,2.5134752,2.5378892,2.574022,2.6270006,2.7148912,2.82036,2.8936021,2.992235,3.0806139,3.1326158,3.2307603,3.372362,3.5142076,3.6028306,3.695604,3.7966783,3.884569,3.9377916,3.9380357,3.8860338,3.7903306,3.6455553,3.4827135,3.2688463,3.0071275,2.7419908,2.5012681,2.242479
0.36869982,0.270067,"NaN","NaN","NaN","NaN","NaN","NaN","NaN","NaN","NaN",1.0090806,1.4936998,1.6811998,1.8601549,2.2373521,2.3130357,2.2808092,2.3616197,2.514696,2.738817,2.896776,2.978563,3.0654771,3.1421373,3.1821764,3.1055162,2.981737,2.82744,2.6826646,2.574022,2.499315,2.4622056,2.4478014,2.442186,2.471483,2.520311,2.5759752,2.6511705,2.7537096,2.8162096,2.8860338,2.9824693,3.044481,3.153856,3.254686,3.369188,3.4844224,3.6560533,3.7913072,3.8853014,3.9363267,3.952196,3.9236314,3.8767564,3.77202,3.6199205,3.4468248,3.2295396,2.964647,2.6802232,2.4221666,2.1697252
"NaN","NaN","NaN","NaN","NaN","NaN","NaN","NaN","NaN","NaN","NaN","NaN",1.7585924,1.9983385,2.2837389,2.5181139,2.528856,2.5666978,2.707567,2.9338853,3.0544908,3.1062486,3.1843736,3.1931627,3.1575181,3.103319,2.9761217,2.870897,2.7139146,2.5674303,2.4756334,2.4238756,2.391649,2.3806627,2.386522,2.4292467,2.5144517,2.6099107,2.684862,2.7463853,2.8198717,2.920946,3.0137193,3.1125963,3.2417467,3.3323228,3.4543931,3.6135728,3.749071,3.8315904,3.8901842,3.900194,3.8975084,3.8679674,3.8147447,3.7253892,3.5767076,3.3957994,3.1758287,2.915819,2.6235826,2.3469713,2.0972154
"NaN","NaN","NaN","NaN","NaN","NaN","NaN","NaN","NaN","NaN","NaN",1.5034654,2.0300767,2.3686998,2.5918443,2.7310045,2.8210924,2.9961412,3.164354,3.2668931,3.3025377,3.29619,3.2900865,3.1753404,3.1008775,3.0144517,2.8264635,2.6772935,2.5398424,2.4311998,2.3574693,2.3196275,2.3010728,2.3071764,2.3462389,2.4380357,2.5403306,2.600145,2.6616685,2.7419908,2.8450181,2.9753892,3.126024,3.2664049,3.3713853,3.51494,3.6506822,3.7664049,3.8520982,3.902147,3.9236314,3.9236314,3.8928697,3.8489244,3.7939928,3.6926744,3.5244615,3.3306139,3.1284654,2.8889635,2.585985,2.2949693,2.0571764
"NaN","NaN","NaN","NaN","NaN","NaN","NaN","NaN","NaN","NaN","NaN","NaN",2.2263658,2.624315,2.884569,3.0090806,3.1482408,3.292528,3.4602525,3.5422838,3.5054185,3.3809068,3.3022935,3.2222154,3.1194322,2.920946,2.7053697,2.5334947,2.4048326,2.3125474,2.2590806,2.2273424,2.2195299,2.254442,2.3318346,2.4287584,2.5103014,2.5920885,2.6755846,2.7852037,2.9045885,3.0215318,3.1719224,3.3323228,3.4827135,3.6272447,3.7556627,3.8276842,3.879686,3.9502428,3.9846666,4.0122547,3.9895494,3.9067857,3.7678697,3.6108873,3.4465806,3.2832506,3.0908678,2.8474596,2.5627916,2.2747056,2.018358
"NaN","NaN","NaN","NaN","NaN","NaN","NaN","NaN","NaN","NaN",1.3779771,1.485399,2.4443834,3.008104,3.216112,3.3286607,3.4307115,3.5435045,3.6873033,3.6926744,3.5647447,3.4534166,3.337694,3.2385728,3.0559556,2.7886217,2.5854967,2.4145982,2.2900865,2.2134264,2.1755846,2.1592271,2.1724107,2.2314928,2.32036,2.4182603,2.530321,2.6392076,2.7346666,2.8623521,2.962694,3.0510728,3.1682603,3.3176744,3.4866197,3.6074693,3.7051256,3.7793443,3.8418443,3.901903,3.9224107,3.929735,3.864061,3.787645,3.676317,3.537401,3.3887193,3.2122056,3.0088365,2.7678697,2.5122545,2.2378404,1.9763658
"NaN","NaN","NaN","NaN","NaN","NaN","NaN","NaN","NaN",1.5549791,1.8862779,2.1829088,2.8210924,3.2522447,3.4475572,3.5383775,3.561815,3.714403,3.8130357,3.8179185,3.5847642,3.4512193,3.3921373,3.2671373,3.0059068,2.7217271,2.4832017,2.310106,2.2100084,2.1448228,2.1106431,2.1089342,2.1531236,2.2322252,2.3249986,2.4260728,2.5503404,2.7097642,2.827196,2.8977525,2.9880846,3.0623033,3.160936,3.264696,3.400194,3.535692,3.6350572,3.7378404,3.8276842,3.8914049,3.9006822,3.884569,3.8127916,3.7039049,3.5781724,3.4739244,3.339403,3.1472642,2.926561,2.6995103,2.4536607,2.1907213,1.9165514
"NaN","NaN","NaN","NaN","NaN","NaN","NaN","NaN","NaN",1.7356431,2.1916978,2.542528,3.1323717,3.4478014,3.5508287,3.5579088,3.395067,2.3372056,0.94804555,2.2219713,3.492235,3.5256822,3.493944,3.2451646,2.9065416,2.6182115,2.3801744,2.231981,2.1455553,2.0979478,2.080858,2.0916002,2.1858385,2.2861803,2.3789537,2.499315,2.6038072,2.7170885,2.8123033,2.8789537,2.9600084,3.0198228,3.0979478,3.1829088,3.3228014,3.4932115,3.6072252,3.684862,3.7935045,3.8557603,3.8870103,3.7954576,3.731737,3.6248033,3.5122545,3.4243639,3.2698228,3.0430162,2.8105943,2.5767076,2.3166978,2.0793931,1.8455064
"NaN","NaN","NaN","NaN","NaN","NaN","NaN",1.0100572,"NaN",1.9861314,2.4927232,2.9370592,3.467821,3.6614244,3.66411,3.712938,3.7681139,3.5752428,3.0457017,2.9727037,2.7871568,2.66411,3.4648912,3.1528795,2.7920396,2.5051744,2.2742174,2.1645982,2.1252916,2.1257799,2.1250474,2.085985,2.2693346,2.355272,2.4397447,2.5276353,2.627733,2.7031724,2.7512681,2.8071764,2.872606,2.9443834,3.0291002,3.11577,3.216356,3.3938463,3.5439928,3.6257799,3.6785142,3.7227037,3.7241685,3.7270982,3.6409166,3.5083482,3.372606,3.2810533,3.1421373,2.92119,2.6826646,2.4514635,2.2117174,1.968065,1.7583482
"NaN","NaN","NaN","NaN","NaN","NaN",1.5977037,1.7483385,1.9578111,2.3018053,2.754442,3.2466295,3.6482408,3.7732408,3.910692,3.994188,4.195116,4.151659,3.8406236,3.5559556,3.478563,3.4341295,3.3835924,3.0225084,2.686571,2.3625963,2.230272,2.2361314,2.261522,2.25786,2.1548326,2.0681627,2.2217271,2.3298814,2.4499986,2.5466783,2.6582506,2.7241685,2.7515123,2.775438,2.791063,2.876024,2.9468248,3.0352037,3.1235826,3.2913072,3.4294908,3.5017564,3.488817,3.5195787,3.5022447,3.467821,3.4392564,3.3730943,3.2227037,3.0830553,2.999071,2.7932603,2.513231,2.3511217,2.1213853,1.876024,1.660692
"NaN","NaN","NaN","NaN","NaN",1.5081041,1.7419908,1.8901842,2.1089342,2.5249498,2.9724596,3.398729,3.685106,3.9043443,4.09746,4.2791004,4.3694324,4.389696,4.0637684,3.7463853,3.613817,3.5054185,3.2917955,2.901903,2.5505846,2.294481,2.360399,2.403856,2.403856,2.3665025,2.1401842,1.8494127,2.0535142,2.252733,2.5071275,2.64702,2.756395,2.7192857,2.728563,2.7573717,2.7515123,2.832811,2.88286,2.9324205,2.9729478,3.1216295,3.2212389,3.304979,3.2915514,3.3494127,3.3332994,3.3137681,3.2810533,3.1958482,3.0789049,2.876024,2.7937486,2.7026842,2.4556139,2.1965806,2.0073717,1.8040025,1.57744
"NaN","NaN",0.14946154,1.3711412,1.5156724,1.714647,1.8086412,1.9792955,2.2205064,2.6392076,3.0537584,3.412645,3.7073228,3.8999498,4.0378895,4.1736317,4.319872,4.370165,4.1086903,3.7190416,3.61577,3.4639146,3.1255357,2.718065,2.3975084,2.3059556,2.4619615,2.4861314,2.4741685,2.4514635,1.6213853,0.82719594,1.7441881,2.0103014,2.6077135,2.7808092,2.787401,2.7639635,2.7432115,2.7847154,2.7385728,2.785692,2.7434556,2.7617662,2.7539537,2.9353502,3.0039537,3.0889146,3.0701158,3.1006334,3.1357896,2.9824693,2.9929674,3.0186021,2.8960435,2.7346666,2.5154283,2.5535142,2.337694,1.9700181,1.9475572,1.7793443,1.574022
"NaN","NaN","NaN",1.6685045,1.7344224,1.8093736,1.8992174,2.0388658,2.311815,2.7297838,3.0413072,3.3044908,3.5857408,3.8711412,4.0273914,4.151903,4.2961903,4.3779774,4.092821,3.7043931,3.5730455,3.3826158,2.960985,2.5596178,2.3179185,2.3804185,2.481981,2.4995592,2.528856,2.5713365,2.5937974,2.53911,0.7224596,2.6040514,2.9221666,2.9448717,2.903612,2.6875474,2.856981,2.8306139,2.5576646,2.591356,2.4600084,2.4546373,2.4080064,2.7410142,2.817186,2.8625963,2.8909166,2.6116197,2.7205064,2.6186998,2.7495592,2.7537096,2.6726549,2.3787096,2.0745103,1.929735,2.1011217,1.9927232,1.6472642,1.8025377,1.6516588
"NaN","NaN",1.6252916,1.6987779,1.7659166,1.8376939,1.933397,2.067186,2.3159654,2.6846178,2.9770982,3.24077,3.5227525,3.7913072,4.0291004,4.155077,4.1973133,4.290331,4.0774403,3.6689928,3.5901353,3.2766588,2.8403795,2.478563,2.3230455,2.3931139,2.4260728,2.4656236,2.5574205,2.6741197,2.7983873,2.9009264,3.0012681,3.1096666,3.1714342,3.160936,3.16411,3.1689928,3.114061,2.9622056,"NaN",2.6526353,1.6326158,2.322313,1.5413072,2.6020982,2.7710435,2.7222154,2.6875474,1.7078111,2.0815904,2.0032213,1.6135728,1.5493639,2.605272,2.598192,2.4675767,2.5059068,2.2275865,2.3137681,2.2158678,2.091112,1.9392564
"NaN",1.5474107,1.63286,1.6987779,1.7756822,1.8616197,1.9797838,2.1492174,2.356737,2.646776,2.9243639,3.1516588,3.398729,3.660692,3.9043443,4.095995,4.1475086,4.161669,4.024706,3.6855943,3.511522,3.158983,2.714647,2.4087389,2.3142564,2.3442857,2.367235,2.452196,2.6020982,2.792528,2.9756334,3.1389635,3.2749498,3.372362,3.412401,3.4121568,3.4102037,3.3694322,3.28911,3.2380846,3.2207506,3.1406724,3.013231,2.374315,2.4727037,2.8369615,2.8601549,2.622606,2.9226549,3.1235826,3.231737,3.2507799,3.2468736,3.2190416,3.1233385,3.011522,2.8992174,2.7686021,2.6184556,2.4138658,2.1997545,2.0432603,1.8782213
1.7485826,1.754442,1.6912096,1.6897447,1.7690904,1.8699205,1.9980943,2.1760728,2.4082506,2.6858385,2.9668443,3.193895,3.4285142,3.6545885,3.808397,4.0046864,4.096239,4.123827,4.047167,3.775194,3.4563463,3.056444,2.6123521,2.3455064,2.2747056,2.308397,2.3767564,2.5173814,2.7361314,2.9878404,3.2168443,3.4060533,3.5422838,3.6125963,3.6372545,3.6409166,3.6074693,3.5283678,3.426561,3.341356,3.2512681,3.1724107,3.0708482,3.0244615,3.0293443,3.0076158,3.0054185,3.027147,3.0613267,3.0955064,3.1003892,3.114061,3.0996568,3.0884264,3.0186021,2.926317,2.8386705,2.7122056,2.5518053,2.3564928,2.1562974,1.9785631,1.824022
2.1702135,2.0823228,1.8486803,1.7219713,1.7664049,1.8721178,2.0105455,2.1882799,2.4133775,2.693895,2.994188,3.2400377,3.426561,3.582567,3.8088853,4.0293446,4.066942,4.116503,4.0515614,3.8330553,3.4358385,2.9639146,2.5637681,2.3298814,2.311815,2.3931139,2.52202,2.7166002,2.9729478,3.2559068,3.5117662,3.70244,3.83452,3.8975084,3.9023912,3.8616197,3.7825181,3.6790025,3.551561,3.396776,3.2524889,3.1062486,3.006151,3.0176256,3.0068834,2.945604,2.8997056,2.8965318,2.901903,2.9277818,2.9604967,2.9797838,3.0317857,2.9727037,2.888231,2.8577135,2.7847154,2.6506822,2.471483,2.297899,2.1060045,1.9260728,1.7842271
1.7402818,1.7754381,1.7686021,1.7886217,1.8210924,1.8999498,2.0354478,2.2209947,2.4434068,2.7082994,2.9727037,3.2361314,3.4448717,3.6460435,3.9170396,4.0608387,4.066942,4.0674305,4.03496,3.886522,3.4998033,3.0232408,2.652147,2.4761217,2.5156724,2.6372545,2.8069322,3.0298326,3.3120592,3.6096666,3.853563,4.0225086,4.1511707,4.1956043,4.160448,4.0740223,3.9658678,3.841356,3.6892564,3.51494,3.3264635,3.1445787,3.0259264,2.947069,2.8821275,2.8433092,2.8230455,2.8142564,2.822069,2.836229,2.8613756,2.879442,2.8711412,2.8940904,2.8625963,2.8127916,2.7217271,2.5779283,2.405565,2.2244127,2.035692,1.8799303,1.737108
1.7358873,1.6870592,1.6924303,1.7588365,1.8613756,1.9753892,2.106737,2.2983873,2.5317857,2.7830064,3.012987,3.2522447,3.5122545,3.739061,3.9226549,4.0452137,4.120653,4.217821,4.180956,3.948778,3.6577623,3.2678697,2.9717271,2.8496568,2.8901842,3.013231,3.1890123,3.419481,3.7063463,3.981737,4.189745,4.3381824,4.4548817,4.4858875,4.41704,4.302294,4.158739,4.0083485,3.8381822,3.6318834,3.415819,3.1736314,2.9912584,2.9080064,2.829149,2.8093736,2.792528,2.7710435,2.76494,2.7725084,2.7749498,2.7981431,2.825731,2.80327,2.7830064,2.726854,2.6262681,2.480272,2.3093736,2.1426256,1.9656236,1.8284166,1.6958482
1.8945787,1.855272,1.8591783,1.8870103,1.957567,2.0767076,2.2185533,2.4070299,2.6482408,2.898729,3.1321275,3.3779771,3.6218736,3.8230455,4.0034657,4.1782703,4.33037,4.4080067,4.423876,4.2285633,3.934862,3.6882799,3.512987,3.4080064,3.3745592,3.464647,3.6145494,3.8210924,4.0671864,4.2910633,4.4856434,4.6575184,4.7739735,4.769579,4.6677723,4.523241,4.3501453,4.169237,3.9739244,3.7593248,3.4780748,3.176561,3.023485,2.8767564,2.80327,2.7644517,2.7222154,2.7048814,2.7068346,2.7241685,2.7402818,2.7314928,2.7446764,2.7522447,2.6877916,2.6030748,2.5049303,2.3704088,2.2275865,2.082811,1.9287584,1.7898424,1.6599596
2.0437486,2.0247056,2.0171373,2.051561,2.106981,2.1897447,2.3249986,2.497362,2.7222154,2.9839342,3.2373521,3.4900377,3.7141588,3.929979,4.1404285,4.3506336,4.5098133,4.6072254,4.629198,4.5520496,4.3213367,4.180956,4.091112,4.000536,3.9250963,3.9429185,4.0708485,4.2493153,4.4304676,4.6174793,4.815233,5.0117664,5.115526,5.0713367,4.9312,4.7268543,4.5117664,4.2966785,4.0813465,3.8494127,3.502733,3.224901,3.0168931,2.865526,2.749315,2.6689928,2.6436021,2.622362,2.6143053,2.6204088,2.6338365,2.6421373,2.6099107,2.558397,2.5244615,2.4897935,2.4153306,2.304979,2.1636217,2.0188463,1.8779771,1.7402818,1.6218736
2.0264146,2.0730455,2.0806139,2.1528795,2.210985,2.2886217,2.400194,2.5603502,2.7507799,2.9944322,3.266649,3.5276353,3.761522,3.9788072,4.223192,4.462694,4.710253,4.906786,4.91704,4.8298817,4.703661,4.6162586,4.557909,4.4844227,4.448778,4.491503,4.6194324,4.7705555,4.9299793,5.1128407,5.317919,5.4878407,5.4937,5.354784,5.151903,4.899706,4.6350574,4.390917,4.1572742,3.8555162,3.5266588,3.247606,3.006395,2.8074205,2.684862,2.6079576,2.5544908,2.5298326,2.5151842,2.5281236,2.5471666,2.545946,2.5527818,2.54619,2.4954088,2.426317,2.3472154,2.247606,2.1042955,1.960985,1.8245103,1.6907213,1.580858
2.0483873,2.1257799,2.197313,2.2478502,2.308397,2.3596666,2.4561021,2.5840318,2.7590806,2.9736803,3.2454088,3.5344713,3.8020494,4.029833,4.2822742,4.5478992,4.8660145,5.1160145,5.273485,5.187792,5.0710926,5.0046864,4.9231434,4.913866,4.9319324,5.031786,5.194872,5.4023914,5.632616,5.8975086,6.0635242,6.02495,5.840624,5.584276,5.309862,5.01787,4.7129383,4.439989,4.1812,3.8445299,3.5151842,3.2175767,2.97661,2.7651842,2.6233385,2.537645,2.4951646,2.4739244,2.457811,2.455858,2.473436,2.476854,2.4724596,2.471483,2.44536,2.3647935,2.2690904,2.1707017,2.0474107,1.9097154,1.7722642,1.6396959,1.5417955
2.0793931,2.1575181,2.23369,2.2983873,2.3625963,2.4272935,2.494188,2.6116197,2.7624986,2.962938,3.2002428,3.492479,3.8052232,4.080858,4.328417,4.6216297,4.9062977,5.271044,5.507372,5.5469227,5.446825,5.379198,5.2615223,5.217821,5.297167,5.506151,5.787157,6.0972157,6.3779774,6.5659657,6.5742664,6.3694324,6.035692,5.6997547,5.3853016,5.0710926,4.7444324,4.455126,4.1401844,3.7849596,3.448778,3.1333482,2.8818834,2.6963365,2.5630357,2.4910142,2.4658678,2.445604,2.4170396,2.400438,2.400438,2.4009264,2.3887193,2.3633287,2.3354967,2.2842271,2.2014635,2.1096666,2.0059068,1.8721178,1.7334459,1.6001451,1.502733
2.0789049,2.170946,2.2449205,2.3198717,2.4050767,2.4883287,2.5525377,2.650438,2.8044908,2.9634264,3.1963365,3.4624498,3.794237,4.1367664,4.408495,4.6423817,4.880663,5.321581,5.732958,5.7827625,5.747362,5.6538563,5.5278797,5.5207996,5.647753,5.8957996,6.205126,6.491747,6.7063465,6.809374,6.717821,6.446825,6.0830555,5.7163563,5.3730946,5.0466785,4.7187977,4.378954,4.0088367,3.6340806,3.2952135,3.0073717,2.8005846,2.6147935,2.5198228,2.475145,2.4426744,2.4287584,2.4128892,2.3965318,2.3833482,2.3757799,2.3645494,2.3293931,2.282274,2.2158678,2.1448228,2.0728014,1.9712389,1.8311021,1.6912096,1.5596178,1.4580553
