frontend/src/assets/file/spot/swh.json
{"header": {"discipline":10,"disciplineName":"Oceanographic products","gribEdition":2,"gribLength":315212,"center":98,"centerName":"European Center for Medium-Range Weather Forecasts (RSMC)","subcenter":0,"refTime":"2019-04-26T00:00:00.000Z","significanceOfRT":1,"significanceOfRTName":"Start of forecast","productStatus":0,"productStatusName":"Operational products","productType":1,"productTypeName":"Forecast products","productDefinitionTemplate":0,"productDefinitionTemplateName":"Analysis/forecast at horizontal level/layer at a point in time","parameterCategory":0,"parameterCategoryName":"Waves","parameterNumber":3,"parameterNumberName":"Significant_height_of_combined_wind_waves_and_swell","parameterUnit":"m","genProcessType":0,"genProcessTypeName":"Analysis","forecastTime":78,"surface1Type":101,"surface1TypeName":"Mean sea level","surface1Value":0.0,"surface2Type":255,"surface2TypeName":"Missing","surface2Value":-9.999E-252,"gridDefinitionTemplate":0,"gridDefinitionTemplateName":"Latitude_Longitude","numberPoints":259920,"shape":6,"shapeName":"Earth spherical with radius of 6,371,229.0 m","gridUnits":"degrees","resolution":48,"winds":"true","scanMode":0,"nx":720,"ny":361,"basicAngle":0,"lo1":0.0,"la1":90.0,"lo2":359.5,"la2":-90.0,"dx":0.5,"dy":0.5}, "data":
[rows 168 to 195 of 361, columns 63 to 125 of 720]
"NaN","NaN","NaN","NaN","NaN","NaN","NaN","NaN","NaN","NaN","NaN","NaN","NaN","NaN","NaN",0.80009633,0.77446157,0.76591665,0.68412954,0.14433458,0.1960924,"NaN","NaN","NaN","NaN","NaN","NaN","NaN","NaN","NaN","NaN","NaN","NaN","NaN","NaN","NaN","NaN","NaN","NaN","NaN","NaN","NaN","NaN","NaN","NaN","NaN","NaN","NaN","NaN","NaN",0.73588735,0.80742055,0.87529165,0.8799303,0.88432485,0.8906725,0.90239125,0.9177721,0.9319323,0.94511586,0.959276,0.9734362,0.98539907
"NaN","NaN","NaN","NaN","NaN","NaN","NaN","NaN","NaN","NaN","NaN","NaN","NaN","NaN","NaN",0.665819,0.7222155,0.745653,0.75444204,0.62040883,0.42827013,0.26371935,"NaN","NaN","NaN","NaN","NaN","NaN","NaN","NaN","NaN","NaN","NaN","NaN","NaN","NaN","NaN","NaN","NaN","NaN","NaN","NaN","NaN","NaN","NaN","NaN","NaN","NaN",0.7729967,0.74369985,0.8730944,0.8870104,0.8943346,0.9006823,0.90776235,0.91850454,0.9338854,0.94975454,0.96196157,0.97270375,0.98539907,0.99858266,1.0076158
"NaN","NaN","NaN","NaN","NaN","NaN","NaN","NaN","NaN","NaN","NaN","NaN","NaN","NaN","NaN","NaN",0.7234362,0.72148305,0.78032094,0.80986196,0.48417833,0.17021349,0.2351549,"NaN","NaN","NaN","NaN","NaN","NaN","NaN","NaN","NaN","NaN","NaN","NaN","NaN","NaN","NaN","NaN","NaN","NaN","NaN","NaN","NaN","NaN","NaN",0.7014635,"NaN",0.87236196,0.88261586,0.8953112,0.9075182,0.91411,0.92094594,0.9319323,0.947069,0.96611196,0.98295766,0.9944323,1.0046861,1.0156724,1.0244615,1.0315416
"NaN","NaN","NaN","NaN","NaN","NaN","NaN","NaN","NaN","NaN","NaN","NaN","NaN","NaN","NaN","NaN",0.71415883,0.69511586,0.82963735,0.95512563,0.9387682,0.74858266,0.39970568,"NaN","NaN","NaN","NaN","NaN","NaN","NaN","NaN","NaN","NaN","NaN","NaN","NaN","NaN","NaN","NaN","NaN","NaN","NaN","NaN",0.80253774,0.82426625,0.83207875,0.84697133,0.8679674,0.87895375,0.8901842,0.91264516,0.9292467,0.933153,0.93779165,0.95170766,0.9717272,0.9944323,1.0144517,1.0291002,1.03911,1.0466783,1.0508287,1.0540025
"NaN","NaN","NaN","NaN","NaN","NaN","NaN","NaN","NaN","NaN","NaN","NaN","NaN","NaN","NaN","NaN",0.58915883,0.49199083,0.7290514,1.1409166,1.2993639,1.2754381,0.85356313,"NaN","NaN","NaN","NaN","NaN","NaN","NaN","NaN","NaN","NaN","NaN","NaN","NaN","NaN","NaN","NaN","NaN","NaN","NaN",0.75517446,0.7964342,0.82719594,0.84770375,0.8616198,0.870653,0.8791979,0.90898305,0.94145375,0.95463735,0.95219594,0.9526842,0.96611196,0.9902819,1.0188463,1.0432603,1.0591295,1.068651,1.0745103,1.0749986,1.0735338
"NaN","NaN","NaN","NaN","NaN","NaN","NaN","NaN","NaN","NaN","NaN","NaN","NaN","NaN","NaN","NaN",0.25663927,0.75151235,1.0247056,1.4636705,1.9741685,1.7688463,1.3813951,"NaN","NaN","NaN","NaN","NaN","NaN","NaN","NaN","NaN","NaN","NaN","NaN","NaN","NaN","NaN","NaN","NaN","NaN",0.6082018,0.7241686,0.7817858,0.83085805,0.86137563,0.867235,0.8713854,0.8943346,0.94267446,0.97636586,0.9795397,0.9700182,0.96660024,0.9778307,1.0046861,1.0393541,1.0657213,1.0815904,1.0911119,1.0969713,1.0945299,1.0898912
"NaN","NaN","NaN","NaN","NaN","NaN","NaN","NaN","NaN","NaN","NaN","NaN","NaN","NaN","NaN","NaN","NaN","NaN",0.6230944,1.335985,2.040819,2.060106,1.8237779,"NaN","NaN","NaN","NaN","NaN","NaN","NaN","NaN","NaN","NaN","NaN","NaN","NaN","NaN","NaN",0.5474108,0.58012563,0.59355336,0.6152819,0.67949086,0.7571276,0.8293932,0.86699086,0.86259633,0.87602407,0.9248522,0.9873522,1.0098131,1.0017564,0.98710805,0.9819811,0.99247915,1.0190904,1.0540025,1.0796373,1.0957506,1.1060045,1.1091783,1.1035631,1.0959947
"NaN","NaN","NaN","NaN","NaN","NaN","NaN","NaN","NaN","NaN","NaN","NaN","NaN","NaN","NaN","NaN","NaN","NaN","NaN","NaN",1.5100572,2.0071275,1.8716295,1.0095689,"NaN","NaN","NaN","NaN","NaN","NaN","NaN","NaN","NaN","NaN","NaN","NaN",0.6287096,0.6291979,0.6116198,0.5930651,0.5828112,0.5740221,0.62358266,0.7151354,0.8162096,0.8545397,0.8474596,0.8882311,0.9695299,1.0320299,1.0383775,1.0215318,1.0039537,0.99858266,1.0100572,1.035692,1.0662096,1.089647,1.1045396,1.113817,1.1143053,1.1089342,1.1006334
"NaN","NaN","NaN","NaN","NaN","NaN","NaN","NaN","NaN","NaN","NaN","NaN","NaN","NaN","NaN","NaN","NaN","NaN","NaN","NaN","NaN",1.3791978,1.523485,1.8049791,"NaN","NaN","NaN","NaN","NaN","NaN","NaN","NaN","NaN",0.33989123,0.41288927,0.61381704,0.6567858,0.6741198,0.66069204,0.63188344,0.6077135,0.5666979,0.57011586,0.6545885,0.7715319,0.80790883,0.82914907,0.91386586,1.0215318,1.0647447,1.0588853,1.0405748,1.0247056,1.0203111,1.0308092,1.0561998,1.0815904,1.1013658,1.1133287,1.1199205,1.1191881,1.110399,1.1008775
"NaN","NaN","NaN","NaN","NaN","NaN","NaN","NaN","NaN","NaN","NaN","NaN","NaN","NaN","NaN","NaN","NaN","NaN","NaN","NaN","NaN","NaN",1.335985,1.7900865,"NaN","NaN","NaN","NaN","NaN","NaN","NaN",0.40849474,0.4756334,0.5000475,0.5476549,0.6082018,0.6711901,0.71122915,0.7158678,0.6843737,0.6570299,0.62162954,0.5798815,0.6062487,0.6533678,0.7036608,0.81572133,0.96244985,1.0662096,1.082567,1.0728014,1.0579088,1.0457017,1.0430162,1.0540025,1.0752428,1.0972154,1.1123521,1.122606,1.1274889,1.1252916,1.1150377,1.1038072
"NaN","NaN","NaN","NaN","NaN","NaN","NaN","NaN","NaN","NaN","NaN","NaN","NaN","NaN","NaN","NaN","NaN","NaN","NaN","NaN","NaN","NaN","NaN",1.113817,"NaN","NaN","NaN","NaN",0.5967272,0.5630358,0.5149401,0.5059069,0.5337389,0.5366686,0.5559557,0.59282094,0.63920766,0.69731313,0.7681139,0.76420766,0.69682485,0.68364125,0.69975454,0.66435415,0.42729357,0.46928576,0.7837389,1.0332506,1.0850084,1.0894029,1.0835435,1.0747545,1.068651,1.0696275,1.0813463,1.0991685,1.1152818,1.124315,1.1306627,1.1348131,1.1309068,1.1194322,1.1091783
"NaN","NaN","NaN","NaN","NaN","NaN","NaN","NaN","NaN","NaN","NaN","NaN","NaN","NaN","NaN","NaN","NaN","NaN","NaN","NaN","NaN","NaN","NaN","NaN",0.8840807,0.78935415,0.7151354,0.7007311,0.68242055,0.63920766,0.5828112,0.5608385,0.58989125,0.58378774,0.57597524,0.5776842,0.55668813,0.58012563,0.70463735,0.868944,0.8354967,0.5881823,0.8408678,0.85600454,"NaN","NaN",0.88188344,1.0706041,1.0830553,1.0903795,1.0923326,1.0901353,1.091356,1.0972154,1.1072252,1.1230943,1.1345689,1.1387193,1.1387193,1.1396959,1.1338365,1.1233385,1.1169908
"NaN","NaN","NaN","NaN","NaN","NaN","NaN","NaN","NaN","NaN","NaN","NaN","NaN","NaN","NaN","NaN","NaN","NaN","NaN","NaN","NaN","NaN","NaN","NaN",0.70707875,0.730028,0.74003774,0.73710805,0.7212389,0.67338735,0.6238268,0.59892446,0.5918444,0.568651,0.55327016,0.50322133,0.44389513,0.38090685,0.32573107,0.52787954,0.9687975,0.9236315,0.9980944,0.98637563,0.99858266,1.0488756,1.0542467,1.0615709,1.0752428,1.0879381,1.0979478,1.1030748,1.1133287,1.1228502,1.1323717,1.1445787,1.152147,1.1504381,1.1465318,1.1414049,1.1348131,1.1252916,1.1186998
"NaN","NaN","NaN","NaN","NaN","NaN","NaN","NaN","NaN","NaN","NaN","NaN","NaN","NaN","NaN","NaN","NaN","NaN","NaN","NaN","NaN","NaN","NaN","NaN",0.6736315,0.7229479,0.7471178,0.7471178,0.7192858,0.67338735,0.6309069,0.58696157,0.5439928,0.4875963,0.47783068,0.53032094,0.36406115,0.21928576,"NaN","NaN",0.90165883,0.9687975,1.0420396,1.0698717,1.0742662,1.0596178,1.0454576,1.0447252,1.0632799,1.0837877,1.1013658,1.1150377,1.1321275,1.1426256,1.1514146,1.1604478,1.1653306,1.158983,1.1533678,1.1479967,1.1374986,1.1240709,1.1189439
"NaN","NaN","NaN","NaN","NaN","NaN","NaN","NaN","NaN","NaN","NaN","NaN","NaN","NaN","NaN","NaN","NaN","NaN","NaN","NaN","NaN","NaN","NaN","NaN","NaN",0.68535024,0.7104967,0.709276,0.67509633,0.6152819,0.54301625,0.3235338,"NaN","NaN","NaN","NaN","NaN","NaN","NaN","NaN",0.915819,1.0205553,1.0701158,1.0874498,1.0854967,1.0649889,1.0398424,1.0349596,1.0527818,1.0801256,1.1047838,1.1284654,1.1455553,1.1548326,1.162401,1.1724107,1.1741197,1.167772,1.1621568,1.1570299,1.146776,1.1316392,1.126024
"NaN","NaN","NaN","NaN","NaN","NaN","NaN","NaN","NaN","NaN","NaN","NaN","NaN","NaN","NaN","NaN","NaN","NaN","NaN","NaN","NaN","NaN","NaN","NaN","NaN","NaN",0.5872057,0.41996935,"NaN","NaN","NaN","NaN","NaN","NaN","NaN","NaN","NaN","NaN","NaN","NaN",0.90776235,1.0576646,1.0867174,1.0994127,1.094774,1.0713365,1.0452135,1.04619,1.0627916,1.065233,1.1201646,1.1414049,1.1548326,1.1633775,1.1704576,1.1794908,1.1809556,1.1768053,1.1741197,1.17119,1.1602037,1.1472642,1.1404283
"NaN","NaN","NaN","NaN","NaN","NaN","NaN","NaN","NaN","NaN","NaN","NaN","NaN","NaN","NaN","NaN","NaN","NaN","NaN","NaN","NaN","NaN","NaN","NaN","NaN","NaN","NaN","NaN","NaN","NaN","NaN","NaN","NaN","NaN","NaN","NaN","NaN","NaN","NaN",0.8833483,1.0395982,1.074022,1.0933092,1.105272,1.10161,1.0781724,1.0544908,1.0620592,1.0879381,1.1143053,1.1345689,1.1492174,1.160692,1.1658189,1.1721666,1.1814439,1.1863267,1.1907213,1.1946275,1.1951158,1.1846178,1.167772,1.1602037
"NaN","NaN","NaN","NaN","NaN","NaN","NaN","NaN","NaN","NaN","NaN","NaN","NaN","NaN","NaN","NaN","NaN","NaN","NaN","NaN","NaN","NaN","NaN","NaN","NaN","NaN","NaN","NaN","NaN","NaN","NaN","NaN","NaN","NaN","NaN","NaN","NaN","NaN","NaN",0.9844225,1.0640123,1.0769517,1.0916002,1.1064928,1.1064928,1.0869615,1.0698717,1.0850084,1.112108,1.1377428,1.1514146,1.1570299,1.1648424,1.1655748,1.1697252,1.1846178,1.1985338,1.1992662,1.2017076,1.2031724,1.1948717,1.1848619,1.1814439
"NaN","NaN","NaN","NaN","NaN","NaN","NaN","NaN","NaN","NaN","NaN","NaN","NaN","NaN","NaN","NaN","NaN","NaN","NaN","NaN","NaN","NaN","NaN","NaN","NaN","NaN","NaN","NaN","NaN","NaN","NaN","NaN","NaN","NaN","NaN","NaN","NaN","NaN","NaN",1.0574205,1.0706041,1.0713365,1.0840318,1.1030748,1.1091783,1.1006334,1.0891588,1.1064928,1.1357896,1.1609361,1.169481,1.167772,1.1738756,1.1721666,1.1775377,1.1899889,1.2012193,1.2053697,1.2129381,1.2192857,1.2139146,1.2051256,1.2021959
"NaN","NaN","NaN","NaN","NaN","NaN","NaN","NaN","NaN","NaN","NaN","NaN","NaN","NaN","NaN","NaN","NaN","NaN","NaN","NaN","NaN","NaN","NaN","NaN","NaN","NaN","NaN","NaN","NaN","NaN","NaN","NaN","NaN","NaN","NaN","NaN","NaN","NaN",1.0359361,1.075731,1.0701158,1.061815,1.0728014,1.0974596,1.1128404,1.1084459,1.1047838,1.1265123,1.1511705,1.1680162,1.1775377,1.1755846,1.1777818,1.1768053,1.1758287,1.1875474,1.2012193,1.2122056,1.2253892,1.2358873,1.2332017,1.2253892,1.2183092
"NaN","NaN","NaN","NaN","NaN","NaN","NaN","NaN","NaN","NaN","NaN","NaN","NaN","NaN","NaN","NaN","NaN","NaN","NaN","NaN","NaN","NaN","NaN","NaN","NaN","NaN","NaN","NaN","NaN","NaN","NaN","NaN","NaN","NaN","NaN","NaN","NaN",0.94633657,1.0747545,1.0845201,1.0684068,1.0525377,1.0620592,1.0918443,1.1143053,1.117235,1.1196764,1.141649,1.1604478,1.1743639,1.178026,1.1731431,1.169481,1.1628892,1.1687486,1.1843736,1.2031724,1.2209947,1.2419908,1.2563951,1.2517564,1.2415025,1.23369
"NaN","NaN","NaN","NaN","NaN","NaN","NaN","NaN","NaN","NaN","NaN","NaN","NaN","NaN","NaN","NaN","NaN","NaN","NaN","NaN","NaN","NaN","NaN","NaN","NaN","NaN","NaN","NaN","NaN","NaN","NaN","NaN","NaN","NaN","NaN","NaN","NaN",1.0779283,1.091356,1.0894029,1.0679185,1.0471666,1.0557115,1.089647,1.1094224,1.10869,1.120897,1.1509264,1.1692369,1.1770494,1.1741197,1.1716783,1.1650865,1.1670396,1.17119,1.1899889,1.2131822,1.23369,1.2537096,1.2678697,1.2634752,1.2534654,1.2449205
"NaN","NaN","NaN","NaN","NaN","NaN","NaN","NaN","NaN","NaN","NaN","NaN","NaN","NaN","NaN","NaN","NaN","NaN","NaN","NaN","NaN","NaN","NaN","NaN","NaN","NaN","NaN","NaN","NaN","NaN","NaN","NaN","NaN","NaN","NaN","NaN",1.0020006,1.0850084,1.1001451,1.0937974,1.0706041,1.0481431,1.0559556,1.0923326,1.1113756,1.1074693,1.117235,1.1499498,1.1650865,1.1814439,1.1831529,1.1809556,1.1755846,1.1721666,1.1824205,1.2002428,1.2205064,1.2373521,1.2573717,1.270067,1.2634752,1.2532213,1.2454088
"NaN","NaN","NaN","NaN","NaN","NaN","NaN","NaN","NaN","NaN","NaN","NaN","NaN","NaN","NaN","NaN","NaN","NaN","NaN","NaN","NaN","NaN","NaN","NaN","NaN","NaN","NaN","NaN","NaN","NaN","NaN","NaN","NaN","NaN","NaN","NaN",1.0745103,1.0950181,1.1045396,1.0979478,1.0764635,1.054735,1.0640123,1.1018541,1.1174791,1.1079576,1.1143053,1.1392076,1.1536119,1.1670396,1.1748521,1.1794908,1.1802232,1.1821764,1.1997545,1.2129381,1.2290514,1.2439439,1.2588365,1.2659166,1.256151,1.2471178,1.2434556
"NaN","NaN","NaN","NaN","NaN","NaN","NaN","NaN","NaN","NaN","NaN","NaN","NaN","NaN","NaN","NaN","NaN","NaN","NaN","NaN","NaN","NaN","NaN","NaN","NaN","NaN","NaN","NaN","NaN","NaN","NaN","NaN","NaN","NaN","NaN",0.9524401,1.0876939,1.0952623,1.1040514,1.1011217,1.084276,1.0659654,1.0779283,1.1165025,1.1274889,1.110399,1.1125963,1.1299303,1.1348131,1.1448228,1.1658189,1.1907213,1.1924303,1.1965806,1.2170885,1.2344224,1.2415025,1.2485826,1.2588365,1.2576158,1.2488267,1.2441881,1.2468736
"NaN","NaN","NaN","NaN","NaN","NaN","NaN","NaN","NaN","NaN","NaN","NaN","NaN","NaN","NaN","NaN","NaN","NaN","NaN","NaN","NaN","NaN","NaN","NaN","NaN","NaN","NaN","NaN","NaN","NaN","NaN","NaN","NaN","NaN","NaN",1.0771959,1.0864732,1.0908678,1.1003892,1.10161,1.091356,1.079149,1.0950181,1.1343248,1.1394517,1.1152818,1.1145494,1.1240709,1.1206529,1.1362779,1.1609361,1.1858385,1.204149,1.2144029,1.2351549,1.2520006,1.2590806,1.2600572,1.2583482,1.2598131,1.2444322,1.2385728,1.2463853
"NaN","NaN","NaN","NaN","NaN","NaN","NaN","NaN","NaN","NaN","NaN","NaN","NaN","NaN","NaN","NaN","NaN","NaN","NaN","NaN","NaN","NaN","NaN","NaN","NaN","NaN","NaN","NaN","NaN","NaN","NaN","NaN","NaN","NaN",1.0376451,1.0793931,1.0832994,1.0867174,1.0969713,1.1013658,1.0969713,1.0903795,1.1106431,1.1506822,1.1514146,1.1223619,1.1213853,1.1289537,1.1289537,1.1372545,1.1682603,1.1980455,1.2139146,1.223192,1.2546861,1.2727525,1.26494,1.2598131,1.2676256,1.263231,1.2451646,1.2407701,1.2490709
"NaN","NaN","NaN","NaN","NaN","NaN","NaN","NaN","NaN","NaN","NaN","NaN","NaN","NaN","NaN","NaN","NaN","NaN","NaN","NaN","NaN","NaN","NaN","NaN","NaN","NaN","NaN","NaN","NaN","NaN","NaN","NaN","NaN",0.9729479,1.0671861,1.0823228,1.084276,1.0850084,1.0957506,1.1028306,1.1023424,1.0996568,1.1230943,1.1638658,1.1619127,1.1304185,1.1343248,1.1348131,1.1272447,1.1340806,1.1602037,1.2080553,1.210985,1.2361314,1.2607896,1.2769029,1.2761705,1.2693346,1.2778795,1.266649,1.2546861,1.254442,1.268358
