frontend/src/assets/file/spot/t2.json
{"header": {"discipline":0,"disciplineName":"Meteorological products","gribEdition":2,"gribLength":97936,"center":98,"centerName":"European Center for Medium-Range Weather Forecasts (RSMC)","subcenter":0,"refTime":"2019-04-26T12:00:00.000Z","significanceOfRT":1,"significanceOfRTName":"Start of forecast","productStatus":0,"productStatusName":"Operational products","productType":1,"productTypeName":"Forecast products","productDefinitionTemplate":0,"productDefinitionTemplateName":"Analysis/forecast at horizontal level/layer at a point in time","parameterCategory":0,"parameterCategoryName":"Temperature","parameterNumber":0,"parameterNumberName":"Temperature","parameterUnit":"K","genProcessType":0,"genProcessTypeName":"Analysis","forecastTime":66,"surface1Type":103,"surface1TypeName":"Specified height level above ground","surface1Value":2.0,"surface2Type":255,"surface2TypeName":"Missing","surface2Value":-9.999E-252,"gridDefinitionTemplate":0,"gridDefinitionTemplateName":"Latitude_Longitude","numberPoints":65160,"shape":6,"shapeName":"Earth spherical with radius of 6,371,229.0 m","gridUnits":"degrees","resolution":48,"winds":"true","scanMode":0,"nx":360,"ny":181,"basicAngle":0,"lo1":0.0,"la1":90.0,"lo2":359.0,"la2":-90.0,"dx":1.0,"dy":1.0}, "data":
[rows 52 to 77 of 181, columns 0 to 59 of 360]
288.91998,289.04498,288.70123,288.54498,288.51373,288.38873,288.23248,288.13873,288.10748,287.82623,287.57623,287.48248,287.45123,285.29498,286.51373,283.45123,287.07623,288.85748,288.88873,288.85748,289.23248,289.16998,282.48248,289.20123,290.07623,289.57623,290.35748,290.63873,288.73248,292.01373,289.20123,285.41998,284.88873,287.82623,287.48248,284.26373,286.57623,285.60748,283.29498,288.57623,289.13873,290.41998,290.41998,277.26373,279.13873,285.16998,288.04498,284.73248,284.32623,290.95123,288.88873,289.10748,289.82623,292.01373,293.32623,294.82623,294.32623,289.10748,292.91998,293.01373
289.20123,289.32623,289.41998,289.16998,288.98248,288.70123,287.57623,286.95123,287.60748,285.91998,286.66998,287.48248,287.88873,287.73248,287.95123,286.63873,288.60748,289.13873,288.95123,289.10748,289.04498,288.98248,289.79498,289.20123,290.13873,289.79498,290.54498,291.20123,291.16998,289.10748,286.70123,293.38873,280.76373,286.95123,280.51373,295.23248,292.76373,291.35748,293.07623,293.63873,292.29498,292.32623,291.91998,288.01373,288.07623,281.82623,288.88873,282.45123,288.38873,286.16998,290.88873,288.45123,289.32623,289.79498,293.20123,294.91998,288.57623,289.98248,283.98248,283.70123
288.41998,285.01373,284.85748,283.23248,285.66998,283.82623,281.76373,282.13873,282.32623,282.48248,286.48248,288.01373,288.29498,288.38873,288.48248,288.73248,288.85748,289.10748,288.76373,288.76373,288.57623,288.95123,289.29498,289.70123,290.01373,290.26373,290.41998,290.45123,290.73248,290.35748,290.32623,291.29498,291.57623,291.16998,291.29498,290.95123,292.16998,293.20123,292.51373,292.88873,293.32623,293.60748,292.07623,291.41998,293.07623,291.66998,281.98248,284.04498,286.73248,282.32623,289.98248,279.57623,270.57623,287.54498,290.73248,291.20123,292.38873,293.95123,291.48248,290.98248
284.79498,284.04498,284.76373,286.29498,285.13873,288.20123,286.38873,282.70123,283.48248,285.85748,286.66998,288.13873,289.10748,289.04498,288.95123,289.04498,289.23248,289.10748,288.76373,288.51373,288.20123,288.63873,289.29498,289.57623,290.38873,290.66998,290.91998,289.79498,289.76373,290.23248,291.20123,291.48248,291.60748,291.98248,292.63873,291.48248,295.48248,292.57623,292.04498,292.60748,295.04498,296.01373,292.88873,294.10748,293.26373,293.82623,290.85748,284.79498,284.01373,285.82623,287.88873,294.60748,294.57623,294.20123,294.54498,296.04498,296.26373,295.79498,295.13873,292.57623
285.95123,286.85748,285.07623,287.45123,287.79498,288.35748,290.07623,288.57623,288.13873,287.95123,287.63873,289.70123,289.29498,289.32623,289.41998,289.29498,289.26373,288.85748,288.70123,288.38873,288.63873,288.91998,289.41998,289.82623,290.16998,290.45123,290.10748,289.76373,290.48248,291.01373,291.16998,291.48248,291.76373,291.70123,291.54498,291.35748,289.98248,291.45123,293.66998,293.04498,297.38873,297.95123,296.13873,296.26373,297.66998,297.45123,291.32623,287.07623,284.20123,282.23248,285.20123,282.48248,290.73248,295.04498,295.45123,294.51373,295.73248,292.48248,293.23248,290.54498
287.23248,286.91998,286.60748,286.82623,287.79498,289.35748,288.10748,285.98248,286.73248,286.88873,286.26373,286.29498,288.63873,289.26373,289.29498,289.07623,288.63873,288.35748,288.41998,288.48248,288.85748,289.45123,289.85748,289.79498,290.13873,290.16998,289.95123,290.23248,290.82623,291.23248,291.29498,291.29498,291.45123,291.57623,291.57623,291.79498,294.35748,294.32623,293.29498,296.63873,295.07623,296.48248,297.20123,297.66998,297.41998,298.01373,298.10748,291.60748,290.29498,286.91998,276.57623,285.57623,287.91998,289.04498,293.38873,292.48248,295.38873,297.13873,295.13873,289.57623
287.51373,288.29498,287.63873,287.70123,287.88873,287.88873,288.20123,286.91998,285.26373,285.23248,285.63873,284.35748,285.48248,283.57623,283.32623,287.13873,288.63873,288.66998,288.98248,289.45123,289.85748,291.32623,290.10748,289.48248,290.13873,290.35748,290.10748,290.48248,290.88873,290.98248,291.01373,291.35748,291.51373,291.57623,291.45123,299.51373,294.45123,293.91998,296.13873,295.01373,295.20123,296.23248,297.41998,297.76373,298.76373,300.95123,300.54498,298.16998,298.51373,297.73248,288.04498,282.13873,286.26373,288.73248,293.16998,292.73248,291.79498,297.32623,297.45123,293.16998
289.23248,289.04498,287.88873,288.29498,288.45123,288.79498,287.98248,287.26373,286.63873,287.32623,287.29498,285.60748,284.73248,283.82623,285.23248,286.10748,288.60748,288.88873,290.07623,290.04498,289.85748,290.38873,290.48248,290.66998,289.60748,289.23248,288.48248,289.91998,291.85748,291.26373,294.76373,295.04498,296.23248,296.07623,295.91998,295.38873,293.10748,295.16998,297.07623,295.60748,295.07623,296.23248,297.32623,297.73248,298.79498,299.45123,299.29498,300.85748,299.01373,299.01373,295.20123,283.45123,281.91998,287.70123,289.23248,291.16998,290.23248,288.79498,302.79498,297.16998
290.32623,289.57623,289.41998,289.16998,289.07623,288.82623,288.85748,288.70123,288.63873,289.76373,290.35748,287.60748,286.29498,285.13873,285.29498,286.51373,286.41998,287.01373,287.85748,290.16998,290.73248,292.95123,291.85748,291.48248,291.60748,291.85748,291.29498,292.82623,292.85748,291.76373,291.98248,294.04498,297.57623,298.23248,300.01373,296.98248,295.79498,294.54498,295.76373,295.98248,295.70123,296.54498,296.32623,296.54498,296.45123,296.45123,296.57623,296.95123,298.32623,294.73248,294.41998,294.79498,287.38873,287.54498,286.29498,289.41998,283.48248,286.82623,297.57623,302.41998
292.88873,291.82623,290.41998,289.35748,289.70123,289.88873,290.23248,290.66998,292.10748,292.04498,289.32623,287.95123,287.04498,286.35748,286.16998,286.85748,289.07623,288.29498,288.48248,290.48248,290.35748,292.51373,294.23248,293.76373,293.45123,293.48248,293.16998,293.20123,293.76373,295.41998,295.91998,298.70123,296.13873,294.73248,295.35748,299.38873,293.91998,296.20123,294.73248,296.35748,295.88873,294.01373,295.07623,295.85748,294.57623,295.01373,294.82623,295.73248,297.57623,294.70123,294.54498,298.82623,295.79498,287.95123,289.13873,291.70123,288.73248,292.82623,288.57623,300.57623
294.70123,292.85748,291.79498,291.95123,290.57623,290.51373,292.23248,292.66998,292.66998,292.07623,290.60748,289.35748,288.54498,288.70123,288.10748,289.60748,287.95123,288.48248,289.57623,290.23248,291.76373,293.20123,295.26373,295.95123,296.51373,295.73248,295.38873,294.88873,296.04498,297.91998,298.16998,298.95123,297.45123,301.88873,302.23248,295.66998,294.48248,295.66998,296.13873,295.51373,294.04498,293.70123,294.95123,294.45123,294.23248,295.16998,295.07623,296.35748,297.57623,295.26373,294.98248,295.01373,300.26373,298.26373,296.51373,298.57623,294.70123,299.57623,302.48248,298.91998
295.51373,295.70123,294.82623,294.54498,293.26373,292.76373,293.13873,293.13873,293.35748,292.95123,291.76373,290.70123,290.01373,290.51373,290.57623,291.04498,293.26373,294.04498,291.98248,292.95123,293.01373,295.54498,296.88873,297.07623,297.76373,296.73248,296.01373,296.63873,297.79498,297.41998,297.54498,300.16998,298.73248,301.76373,297.07623,297.35748,301.26373,300.26373,296.82623,294.41998,295.01373,295.35748,295.38873,294.13873,294.95123,294.73248,295.57623,295.82623,296.73248,297.91998,295.04498,295.70123,296.32623,296.51373,301.60748,303.60748,301.45123,302.20123,299.20123,302.91998
295.48248,296.48248,296.63873,296.23248,294.63873,293.82623,294.41998,291.91998,291.41998,290.70123,291.26373,291.35748,290.41998,291.35748,293.82623,293.88873,297.16998,295.23248,294.57623,294.38873,295.76373,297.54498,296.85748,300.29498,298.95123,298.91998,296.60748,296.70123,300.04498,298.32623,298.54498,297.35748,300.54498,299.91998,302.16998,297.45123,296.66998,301.38873,299.32623,298.54498,294.38873,294.54498,298.63873,296.41998,297.29498,297.54498,295.57623,294.98248,296.01373,297.66998,299.63873,298.01373,296.45123,296.85748,298.23248,298.13873,299.45123,298.95123,306.13873,307.82623
296.16998,296.20123,296.73248,295.51373,295.20123,292.45123,293.29498,293.60748,292.54498,291.70123,292.66998,291.60748,289.79498,290.26373,294.41998,298.29498,297.51373,297.29498,297.29498,297.04498,295.48248,296.01373,296.88873,297.79498,296.16998,297.35748,293.66998,295.57623,296.82623,298.91998,299.38873,299.95123,298.10748,299.82623,301.10748,298.60748,296.95123,296.88873,299.73248,300.79498,297.23248,296.16998,296.85748,297.07623,298.16998,299.16998,296.57623,295.85748,296.20123,297.82623,299.04498,301.51373,297.07623,297.16998,297.63873,300.82623,303.70123,300.76373,300.10748,299.35748
294.95123,295.13873,296.01373,296.51373,293.45123,291.20123,293.29498,291.54498,293.32623,294.54498,295.16998,293.63873,293.91998,293.13873,296.76373,297.66998,296.79498,297.60748,298.32623,300.16998,297.48248,296.82623,296.85748,296.98248,297.85748,298.73248,296.41998,297.85748,298.48248,299.48248,300.23248,300.20123,299.45123,300.82623,299.45123,300.20123,297.10748,297.16998,296.29498,304.13873,298.54498,298.54498,299.04498,299.29498,300.79498,299.20123,301.41998,297.70123,297.57623,298.51373,297.95123,300.85748,298.10748,303.54498,303.32623,304.20123,304.70123,309.07623,301.91998,301.07623
293.51373,293.51373,295.48248,295.01373,293.66998,291.76373,290.91998,293.57623,295.20123,297.16998,296.10748,295.88873,295.35748,297.32623,297.85748,298.13873,297.13873,297.01373,296.73248,299.85748,297.01373,297.16998,296.10748,296.91998,294.38873,295.41998,295.45123,296.16998,296.54498,298.95123,299.04498,299.29498,300.29498,298.45123,299.76373,298.79498,297.20123,297.32623,297.32623,302.26373,298.13873,300.66998,300.45123,301.95123,301.35748,302.54498,302.23248,299.41998,300.13873,300.70123,301.29498,301.16998,303.57623,304.32623,304.79498,305.54498,307.60748,303.98248,305.01373,304.23248
294.88873,293.10748,293.82623,298.10748,294.63873,296.32623,296.51373,296.82623,296.32623,295.98248,296.48248,296.32623,298.82623,298.41998,298.48248,300.57623,296.70123,295.95123,298.35748,291.66998,295.16998,296.48248,296.16998,294.76373,294.13873,298.13873,295.91998,296.76373,296.51373,298.26373,297.66998,298.76373,299.07623,298.45123,298.95123,302.23248,299.54498,299.13873,297.70123,301.07623,304.51373,299.54498,299.66998,300.98248,301.91998,302.23248,300.76373,302.04498,302.26373,303.20123,303.70123,303.95123,304.95123,305.73248,306.32623,306.41998,308.91998,306.82623,306.29498,306.23248
294.48248,294.07623,296.26373,296.04498,296.66998,296.85748,298.76373,298.70123,298.45123,297.60748,296.41998,298.35748,299.04498,299.26373,298.45123,296.82623,296.29498,290.13873,293.48248,295.29498,295.70123,294.82623,296.38873,294.16998,294.54498,293.73248,295.60748,293.82623,296.04498,296.51373,300.32623,299.70123,300.48248,300.51373,303.41998,300.60748,301.48248,301.98248,298.16998,298.91998,304.79498,296.23248,299.57623,302.63873,304.23248,302.20123,302.13873,303.29498,305.13873,303.10748,302.98248,303.82623,304.60748,305.76373,306.38873,307.29498,307.20123,307.51373,306.32623,298.85748
299.04498,298.41998,297.20123,298.73248,299.29498,299.85748,301.60748,300.63873,300.54498,295.04498,296.60748,297.70123,298.88873,297.73248,296.04498,294.91998,295.45123,298.98248,296.35748,298.63873,293.98248,294.04498,294.51373,294.07623,295.29498,295.07623,293.48248,295.32623,298.73248,297.32623,298.91998,300.60748,301.32623,301.54498,302.95123,301.73248,300.73248,303.73248,298.88873,299.70123,300.98248,305.26373,298.35748,299.82623,301.10748,303.45123,301.29498,303.10748,304.48248,305.23248,305.70123,305.10748,305.79498,305.51373,305.48248,306.07623,306.32623,306.76373,298.45123,299.73248
299.07623,299.63873,299.38873,300.26373,300.29498,301.51373,301.54498,298.82623,300.57623,295.01373,294.57623,296.54498,295.45123,296.10748,297.07623,297.04498,296.82623,298.66998,300.45123,297.66998,295.85748,296.57623,297.66998,296.54498,294.04498,294.01373,293.95123,296.01373,296.16998,298.01373,299.76373,300.63873,300.91998,301.48248,302.20123,302.45123,302.63873,299.57623,299.35748,300.04498,300.63873,301.88873,303.85748,298.26373,300.82623,301.16998,302.85748,303.32623,304.04498,304.16998,305.66998,305.63873,305.10748,306.60748,306.20123,306.23248,306.10748,305.13873,300.01373,300.38873
302.20123,301.76373,301.57623,299.54498,299.85748,300.63873,300.35748,300.23248,301.54498,296.57623,294.01373,294.16998,295.04498,293.98248,296.79498,296.51373,297.45123,299.79498,298.57623,298.73248,297.23248,296.20123,295.13873,294.48248,294.45123,293.29498,295.04498,298.38873,297.82623,297.63873,299.10748,300.32623,301.60748,301.10748,301.91998,302.26373,302.66998,300.57623,298.10748,300.04498,300.57623,301.54498,305.91998,295.60748,301.79498,300.07623,300.70123,301.35748,303.73248,305.45123,307.07623,307.98248,306.60748,306.85748,307.29498,307.01373,305.54498,299.54498,300.07623,300.45123
302.66998,302.95123,299.82623,299.57623,298.70123,297.23248,299.63873,300.20123,299.82623,296.13873,297.54498,294.88873,294.63873,295.45123,296.85748,296.98248,298.76373,299.20123,299.01373,298.45123,297.23248,298.60748,298.32623,294.45123,293.29498,293.66998,293.91998,296.82623,297.45123,296.88873,301.26373,300.04498,302.20123,301.38873,303.45123,301.95123,301.60748,298.57623,301.48248,302.01373,300.38873,301.20123,302.45123,306.29498,296.85748,302.91998,302.85748,303.66998,304.45123,303.82623,304.57623,302.35748,303.54498,305.32623,304.04498,303.70123,301.38873,300.91998,300.10748,300.57623
302.26373,301.79498,300.26373,299.66998,297.57623,298.23248,298.20123,298.82623,297.29498,297.23248,295.20123,295.73248,295.54498,295.63873,296.10748,297.01373,297.88873,297.95123,298.04498,298.54498,299.20123,299.70123,298.70123,295.20123,295.04498,296.01373,296.20123,297.13873,296.32623,296.95123,300.66998,300.91998,299.48248,302.82623,303.82623,304.38873,302.98248,298.70123,304.04498,301.60748,301.01373,301.45123,301.38873,304.73248,292.88873,299.63873,301.76373,301.85748,301.76373,301.45123,303.35748,304.73248,305.16998,301.48248,301.76373,301.54498,301.48248,301.07623,300.60748,300.76373
300.79498,300.79498,299.57623,300.07623,297.16998,297.79498,301.48248,298.23248,296.70123,297.48248,296.20123,297.20123,297.16998,296.85748,297.41998,297.70123,298.32623,299.04498,300.23248,300.45123,300.91998,302.35748,296.63873,295.98248,297.13873,298.45123,295.79498,298.07623,297.51373,299.23248,298.45123,302.63873,301.70123,305.95123,306.88873,305.73248,304.98248,305.54498,305.10748,299.13873,303.20123,301.51373,301.29498,304.79498,300.23248,297.48248,303.26373,302.10748,299.10748,298.66998,305.57623,301.04498,301.35748,301.10748,301.32623,301.35748,301.38873,301.13873,300.95123,300.88873
302.10748,302.82623,301.73248,301.10748,299.10748,299.63873,295.57623,297.01373,295.45123,298.82623,299.07623,298.45123,299.32623,298.79498,299.54498,299.66998,300.32623,300.76373,301.88873,302.85748,304.45123,302.66998,299.79498,298.79498,299.82623,298.41998,299.57623,298.29498,299.95123,301.13873,301.23248,303.41998,303.82623,306.60748,307.70123,307.73248,307.85748,306.45123,304.70123,298.70123,302.95123,303.91998,302.04498,300.79498,298.70123,297.38873,297.51373,302.82623,301.29498,300.76373,300.70123,300.70123,300.82623,300.82623,301.04498,301.20123,301.23248,301.16998,301.13873,301.07623
302.13873,302.63873,302.98248,301.57623,300.85748,302.66998,298.20123,297.16998,297.13873,298.54498,299.29498,299.38873,299.35748,299.91998,300.26373,300.66998,301.54498,302.60748,303.35748,304.51373,304.88873,304.45123,301.48248,299.63873,302.88873,300.76373,300.51373,301.32623,301.85748,302.95123,302.51373,302.38873,303.16998,306.41998,306.70123,307.76373,308.63873,304.82623,296.20123,301.16998,300.04498,308.23248,304.57623,300.85748,305.10748,303.54498,300.45123,300.73248,300.98248,300.95123,300.70123,300.91998,301.04498,300.85748,300.60748,300.91998,301.04498,301.26373,301.13873,301.38873
