frontend/src/assets/file/spot/t2.json
{"header": {"discipline":0,"disciplineName":"Meteorological products","gribEdition":2,"gribLength":97936,"center":98,"centerName":"European Center for Medium-Range Weather Forecasts (RSMC)","subcenter":0,"refTime":"2019-04-26T12:00:00.000Z","significanceOfRT":1,"significanceOfRTName":"Start of forecast","productStatus":0,"productStatusName":"Operational products","productType":1,"productTypeName":"Forecast products","productDefinitionTemplate":0,"productDefinitionTemplateName":"Analysis/forecast at horizontal level/layer at a point in time","parameterCategory":0,"parameterCategoryName":"Temperature","parameterNumber":0,"parameterNumberName":"Temperature","parameterUnit":"K","genProcessType":0,"genProcessTypeName":"Analysis","forecastTime":66,"surface1Type":103,"surface1TypeName":"Specified height level above ground","surface1Value":2.0,"surface2Type":255,"surface2TypeName":"Missing","surface2Value":-9.999E-252,"gridDefinitionTemplate":0,"gridDefinitionTemplateName":"Latitude_Longitude","numberPoints":65160,"shape":6,"shapeName":"Earth spherical with radius of 6,371,229.0 m","gridUnits":"degrees","resolution":48,"winds":"true","scanMode":0,"nx":360,"ny":181,"basicAngle":0,"lo1":0.0,"la1":90.0,"lo2":359.0,"la2":-90.0,"dx":1.0,"dy":1.0}, "data":
[rows 104 to 129 of 181, columns 0 to 59 of 360]
295.54498,295.98248,295.66998,295.79498,295.73248,295.73248,295.85748,295.38873,295.23248,295.45123,295.51373,295.48248,295.38873,295.82623,291.60748,290.66998,288.70123,289.45123,290.26373,291.66998,292.98248,293.76373,295.66998,294.76373,293.38873,293.13873,293.16998,291.98248,292.45123,292.48248,291.26373,295.07623,291.20123,291.57623,291.63873,295.13873,293.98248,294.91998,295.79498,296.38873,296.04498,301.26373,301.23248,300.48248,300.85748,300.66998,300.85748,301.26373,300.26373,292.13873,299.70123,299.82623,299.88873,300.48248,301.29498,300.48248,299.98248,299.82623,299.76373,300.20123
295.26373,295.41998,295.13873,295.16998,295.26373,295.23248,295.07623,294.88873,294.63873,294.66998,294.13873,294.38873,292.32623,293.48248,294.26373,294.01373,293.16998,291.41998,291.32623,292.98248,294.16998,294.63873,295.63873,295.16998,294.10748,292.95123,293.32623,292.29498,292.45123,293.63873,293.63873,292.07623,290.51373,294.29498,291.85748,293.54498,294.01373,295.26373,294.10748,295.07623,297.54498,301.01373,301.45123,300.91998,300.95123,301.10748,301.35748,301.13873,302.29498,295.41998,297.32623,299.23248,299.63873,299.70123,299.91998,300.51373,300.57623,300.32623,300.07623,300.20123
294.79498,294.98248,295.01373,294.88873,294.88873,294.76373,294.57623,294.38873,293.91998,293.95123,292.82623,293.13873,289.66998,296.76373,294.32623,294.51373,293.66998,293.66998,294.13873,294.54498,294.38873,294.76373,295.13873,294.73248,293.79498,292.98248,294.07623,293.95123,291.66998,297.88873,294.60748,297.48248,295.91998,295.95123,294.76373,291.98248,294.07623,293.23248,294.98248,297.10748,299.73248,300.91998,301.23248,301.41998,300.85748,300.60748,301.29498,301.10748,301.07623,297.07623,299.13873,299.88873,299.88873,300.04498,300.54498,300.60748,300.60748,300.57623,300.51373,300.32623
294.82623,294.57623,294.66998,294.73248,294.63873,294.45123,294.32623,293.98248,293.76373,293.45123,292.45123,291.32623,292.98248,297.82623,297.60748,295.26373,296.16998,294.98248,295.88873,295.29498,294.66998,294.70123,295.23248,294.57623,294.41998,295.13873,292.38873,291.48248,297.10748,293.48248,291.76373,289.45123,293.35748,294.91998,296.91998,295.82623,295.38873,296.95123,297.91998,300.88873,301.04498,301.20123,301.04498,301.16998,299.88873,299.32623,299.13873,300.57623,292.48248,292.32623,300.23248,299.63873,299.48248,299.45123,300.01373,299.91998,299.85748,299.88873,300.35748,300.48248
294.63873,294.73248,294.88873,294.60748,294.41998,294.32623,294.04498,293.88873,293.66998,293.23248,292.13873,290.88873,294.29498,295.91998,295.10748,293.04498,295.23248,294.54498,293.98248,294.54498,294.57623,295.32623,295.57623,295.70123,294.95123,293.85748,293.79498,296.98248,294.01373,292.57623,291.54498,289.88873,289.41998,289.13873,294.35748,296.95123,297.45123,299.07623,299.79498,300.32623,300.70123,300.88873,300.88873,300.98248,300.82623,299.85748,297.35748,294.63873,291.57623,293.57623,299.48248,300.98248,300.13873,299.10748,298.85748,299.10748,299.01373,298.73248,299.04498,299.54498
295.26373,294.79498,294.70123,294.13873,294.23248,294.13873,293.91998,293.82623,293.51373,293.07623,292.29498,291.23248,290.20123,298.13873,294.51373,294.26373,293.95123,294.60748,292.16998,293.73248,294.38873,294.48248,295.16998,295.20123,295.07623,293.10748,291.98248,291.51373,291.57623,291.13873,291.04498,286.98248,291.41998,292.48248,293.76373,295.38873,299.60748,298.73248,299.85748,299.91998,300.13873,300.26373,300.38873,300.20123,299.41998,297.70123,295.38873,292.57623,290.60748,296.70123,298.63873,299.32623,300.57623,299.35748,298.82623,299.38873,299.20123,298.54498,298.63873,299.79498
294.95123,294.76373,294.63873,294.45123,294.10748,293.82623,293.76373,293.66998,293.35748,292.98248,292.54498,291.60748,290.60748,288.48248,298.04498,293.66998,294.20123,292.35748,291.16998,292.88873,294.76373,295.23248,295.79498,295.16998,294.57623,293.88873,293.48248,292.79498,290.88873,289.60748,290.82623,290.70123,292.48248,291.48248,296.10748,297.38873,299.73248,299.60748,299.04498,299.51373,299.38873,299.63873,299.79498,299.38873,298.73248,299.57623,295.63873,288.76373,293.32623,299.10748,300.10748,299.70123,299.07623,299.85748,300.57623,300.01373,299.26373,298.63873,297.95123,298.35748
295.13873,294.79498,294.66998,294.54498,293.91998,293.79498,293.66998,293.32623,293.07623,292.98248,292.57623,291.57623,290.91998,289.88873,292.73248,295.66998,294.23248,290.85748,292.91998,291.88873,293.35748,294.35748,293.63873,293.82623,294.54498,294.54498,293.32623,291.38873,291.57623,291.76373,292.38873,294.13873,294.35748,293.88873,296.66998,296.73248,299.32623,298.98248,298.95123,299.60748,298.73248,298.73248,299.16998,298.35748,300.26373,298.38873,296.13873,291.48248,294.76373,299.91998,299.70123,299.76373,299.54498,299.51373,299.35748,298.70123,298.73248,299.63873,299.60748,298.45123
295.35748,294.98248,294.45123,294.45123,294.29498,293.63873,293.29498,293.54498,292.88873,292.79498,292.32623,291.13873,290.79498,289.98248,288.85748,297.60748,293.07623,292.88873,290.88873,291.16998,291.95123,292.70123,292.76373,292.98248,292.57623,291.66998,290.82623,291.01373,292.35748,293.10748,293.41998,293.54498,293.88873,295.88873,296.45123,297.13873,298.98248,298.73248,298.57623,299.04498,298.51373,298.01373,297.70123,296.95123,297.45123,296.60748,293.54498,288.26373,296.38873,299.82623,299.16998,299.26373,298.95123,299.38873,299.51373,299.13873,299.35748,299.23248,299.26373,298.57623
295.88873,295.60748,294.76373,294.57623,294.26373,293.79498,293.32623,292.91998,292.60748,292.35748,292.45123,291.41998,290.23248,289.54498,288.20123,297.35748,296.95123,292.91998,290.95123,292.26373,291.98248,292.10748,292.13873,291.95123,291.29498,291.01373,290.23248,291.29498,292.70123,290.60748,288.32623,293.13873,294.70123,295.63873,296.38873,297.13873,298.91998,298.63873,298.38873,298.26373,299.04498,298.20123,297.51373,296.48248,293.51373,290.79498,291.20123,293.35748,298.10748,298.45123,298.32623,298.38873,298.88873,298.51373,298.26373,298.95123,298.82623,299.04498,298.98248,298.82623
295.29498,295.82623,295.16998,294.63873,294.54498,293.98248,293.70123,293.13873,292.79498,292.13873,292.45123,291.73248,290.38873,289.60748,287.51373,294.20123,294.70123,290.66998,291.26373,292.01373,292.70123,292.85748,292.76373,291.60748,290.98248,290.45123,290.76373,291.79498,288.70123,289.95123,286.38873,293.45123,294.95123,295.51373,296.04498,297.07623,298.26373,297.95123,298.35748,297.26373,298.26373,298.29498,297.66998,296.95123,296.91998,293.45123,290.13873,288.48248,298.73248,297.70123,297.95123,297.76373,298.57623,298.35748,298.07623,297.88873,297.88873,298.13873,298.29498,298.41998
294.70123,295.35748,295.35748,294.95123,294.51373,294.63873,293.95123,293.63873,292.57623,292.07623,292.41998,291.85748,291.38873,290.13873,286.73248,294.82623,293.88873,291.45123,292.70123,291.45123,292.79498,292.85748,292.63873,291.98248,291.60748,290.29498,290.76373,291.16998,289.57623,291.01373,288.60748,290.70123,294.73248,295.82623,296.26373,297.63873,298.20123,297.57623,297.88873,297.35748,297.79498,297.79498,297.32623,297.82623,296.95123,296.20123,296.48248,296.91998,297.98248,297.66998,297.16998,297.38873,297.54498,297.70123,297.95123,298.20123,297.57623,297.35748,297.38873,297.01373
294.66998,294.70123,294.70123,294.73248,294.70123,293.45123,293.54498,293.48248,293.10748,291.98248,291.76373,291.29498,290.23248,289.88873,289.04498,289.35748,296.51373,293.16998,291.95123,290.76373,290.82623,291.82623,292.23248,290.91998,289.23248,289.79498,288.35748,287.41998,287.57623,286.07623,285.26373,289.95123,293.29498,297.35748,296.95123,297.79498,297.60748,297.45123,297.54498,297.51373,296.48248,297.54498,297.20123,297.13873,296.91998,296.54498,297.04498,297.01373,297.26373,296.79498,296.45123,296.70123,296.70123,296.32623,296.82623,296.60748,296.54498,296.66998,297.23248,296.26373
294.07623,294.23248,293.98248,294.26373,294.73248,293.91998,293.54498,293.51373,293.20123,292.26373,291.54498,291.32623,290.66998,291.07623,290.13873,284.38873,296.35748,293.88873,295.35748,292.35748,289.35748,290.48248,289.95123,290.88873,289.45123,288.82623,288.98248,286.54498,287.32623,286.01373,284.57623,289.35748,293.95123,296.76373,297.29498,297.26373,297.04498,297.48248,297.23248,297.07623,297.01373,296.88873,295.82623,296.20123,295.76373,296.01373,295.70123,295.85748,296.04498,296.04498,295.54498,294.88873,294.76373,294.88873,294.95123,294.88873,295.26373,295.38873,296.13873,295.88873
293.45123,293.79498,293.70123,294.01373,294.45123,293.73248,293.82623,293.48248,292.98248,292.51373,291.98248,291.29498,291.41998,291.29498,290.70123,287.85748,288.04498,294.66998,298.07623,294.85748,290.26373,290.41998,290.01373,288.85748,287.85748,286.51373,285.35748,286.63873,285.26373,284.60748,285.32623,289.45123,293.20123,296.88873,296.79498,296.91998,296.95123,297.01373,296.88873,296.54498,295.88873,295.95123,295.66998,294.60748,294.29498,294.16998,294.29498,294.41998,294.10748,293.88873,294.10748,293.91998,293.85748,294.29498,294.29498,294.04498,294.13873,294.26373,294.16998,293.95123
293.29498,293.60748,293.29498,292.66998,293.51373,293.79498,294.16998,293.26373,293.41998,293.16998,292.45123,291.66998,290.98248,290.76373,290.76373,288.85748,286.20123,293.38873,293.32623,291.54498,290.35748,291.01373,288.70123,289.01373,286.60748,285.16998,286.10748,285.23248,283.66998,280.32623,286.98248,291.63873,295.41998,296.63873,296.73248,296.51373,296.73248,296.60748,296.04498,295.04498,295.88873,295.45123,294.70123,293.98248,293.85748,293.41998,293.41998,293.54498,293.73248,293.85748,293.51373,293.26373,293.16998,293.76373,293.70123,294.23248,294.07623,294.48248,294.45123,293.79498
292.54498,292.79498,293.20123,292.54498,293.60748,294.01373,293.82623,293.95123,293.20123,292.88873,292.70123,292.01373,290.70123,290.66998,290.79498,289.88873,288.10748,284.41998,294.76373,291.85748,291.01373,289.45123,290.07623,285.70123,286.82623,288.38873,285.85748,285.13873,282.73248,284.51373,288.20123,294.60748,297.07623,296.38873,295.95123,294.88873,295.23248,295.66998,295.16998,295.57623,294.98248,294.13873,293.70123,293.10748,292.95123,293.26373,292.57623,292.73248,292.76373,292.63873,292.82623,293.07623,293.26373,292.85748,293.57623,293.23248,293.04498,292.95123,293.20123,293.35748
292.16998,292.13873,292.63873,292.23248,291.10748,292.85748,293.79498,293.85748,293.13873,292.73248,293.13873,291.88873,291.32623,290.51373,290.32623,290.26373,289.45123,287.04498,287.29498,296.26373,289.51373,289.88873,286.95123,286.23248,285.98248,285.76373,283.88873,282.70123,282.73248,285.88873,291.38873,297.23248,297.01373,296.60748,294.95123,294.70123,294.91998,295.10748,294.91998,294.41998,293.79498,293.26373,292.63873,292.38873,292.60748,292.98248,292.79498,292.48248,292.23248,293.04498,291.32623,291.48248,291.04498,291.48248,291.82623,291.66998,291.79498,292.04498,292.29498,292.13873
292.38873,292.35748,292.26373,291.95123,291.07623,290.57623,292.26373,293.82623,293.20123,292.76373,292.66998,292.07623,291.45123,291.04498,290.29498,290.04498,290.13873,287.66998,286.04498,295.20123,293.60748,285.29498,286.45123,286.57623,287.73248,286.73248,286.85748,286.79498,288.82623,290.66998,297.07623,297.04498,296.23248,295.29498,294.88873,293.66998,293.91998,294.48248,294.51373,293.60748,292.85748,292.29498,292.10748,292.38873,292.45123,292.41998,291.82623,291.57623,290.70123,290.32623,290.45123,290.26373,290.63873,291.10748,291.32623,292.01373,291.10748,291.04498,291.10748,291.23248
291.48248,292.38873,291.66998,291.70123,291.79498,291.73248,290.91998,291.88873,293.45123,293.13873,292.76373,292.10748,291.73248,291.32623,290.07623,290.32623,289.95123,290.23248,284.88873,292.54498,292.13873,293.51373,289.54498,288.13873,290.95123,290.70123,292.76373,290.54498,293.41998,296.54498,296.70123,295.57623,295.79498,294.45123,293.63873,293.60748,293.76373,293.23248,292.82623,292.88873,292.63873,292.16998,292.16998,291.66998,291.48248,290.79498,290.54498,289.73248,289.73248,289.45123,289.45123,289.76373,290.16998,289.76373,289.60748,289.41998,290.35748,290.26373,290.07623,289.79498
291.16998,291.51373,291.85748,291.35748,291.54498,291.38873,291.45123,291.35748,292.29498,293.23248,292.66998,292.07623,292.16998,291.60748,290.73248,291.07623,289.79498,290.23248,287.32623,295.32623,289.32623,292.01373,291.20123,291.26373,295.07623,295.98248,293.63873,296.26373,296.98248,296.73248,295.98248,295.41998,294.70123,293.45123,293.60748,292.70123,292.51373,292.10748,291.73248,291.98248,291.98248,291.79498,291.29498,291.45123,290.32623,289.79498,289.57623,288.98248,288.79498,288.60748,288.73248,289.16998,289.79498,289.16998,288.63873,288.41998,289.29498,289.51373,289.10748,289.13873
289.54498,290.51373,291.23248,291.20123,290.95123,290.88873,291.04498,291.38873,290.73248,292.48248,292.60748,292.29498,291.98248,291.76373,291.23248,291.63873,291.54498,290.85748,290.91998,290.48248,290.13873,291.32623,291.32623,293.23248,295.79498,297.51373,297.04498,296.63873,296.29498,295.98248,295.35748,295.23248,293.82623,292.95123,292.76373,292.29498,291.85748,291.32623,291.26373,291.16998,290.32623,290.38873,289.45123,288.95123,289.04498,289.26373,288.95123,288.10748,288.35748,288.07623,288.04498,288.35748,288.48248,288.57623,288.29498,287.79498,288.23248,288.41998,288.26373,288.10748
288.85748,289.60748,289.29498,290.76373,290.70123,290.60748,290.38873,290.54498,290.82623,290.20123,292.38873,292.23248,291.85748,291.63873,291.16998,291.45123,291.73248,291.79498,291.79498,291.48248,291.04498,290.88873,292.51373,294.51373,295.41998,296.13873,295.23248,295.54498,295.13873,295.26373,295.16998,294.63873,293.73248,293.20123,292.88873,292.10748,291.82623,291.16998,291.16998,290.13873,289.79498,289.38873,288.63873,288.07623,287.57623,287.85748,287.60748,287.48248,287.70123,287.88873,287.54498,287.70123,287.79498,287.54498,287.57623,286.70123,287.23248,287.20123,287.82623,287.38873
288.51373,288.76373,288.73248,288.98248,289.88873,289.88873,290.45123,289.91998,289.85748,289.04498,291.38873,291.85748,292.07623,291.66998,291.66998,292.13873,291.48248,291.48248,291.54498,291.35748,291.23248,292.26373,293.01373,293.79498,294.01373,294.32623,294.32623,293.76373,293.91998,294.32623,294.16998,293.66998,293.16998,292.85748,292.57623,292.16998,291.45123,291.29498,290.32623,289.48248,288.82623,288.63873,288.45123,287.41998,287.04498,287.23248,286.76373,287.04498,287.38873,287.26373,286.85748,287.16998,287.57623,287.70123,286.79498,286.26373,286.04498,286.76373,287.07623,286.60748
287.38873,288.01373,288.29498,288.01373,287.95123,288.35748,289.91998,289.35748,289.54498,289.41998,289.82623,291.60748,291.60748,291.48248,291.85748,292.23248,292.70123,291.98248,292.38873,292.57623,292.91998,292.29498,292.35748,292.95123,293.23248,293.98248,294.16998,293.85748,292.38873,293.51373,293.04498,293.07623,292.95123,292.26373,292.60748,291.79498,291.32623,290.57623,290.26373,289.32623,288.35748,287.57623,287.45123,286.54498,286.57623,286.41998,286.10748,286.76373,286.95123,286.60748,286.23248,286.57623,286.45123,285.41998,285.82623,285.60748,285.66998,285.79498,285.29498,286.04498
287.10748,287.01373,287.26373,287.32623,287.82623,287.70123,288.85748,289.35748,289.51373,289.76373,289.66998,289.04498,289.48248,289.88873,291.29498,291.35748,292.23248,292.13873,292.16998,291.98248,292.51373,293.16998,292.60748,292.41998,292.66998,293.60748,294.07623,293.01373,292.48248,293.10748,292.48248,292.66998,292.73248,290.60748,290.70123,291.35748,291.70123,290.91998,289.95123,288.01373,286.41998,285.82623,286.13873,285.85748,286.13873,286.07623,286.29498,286.16998,286.45123,285.85748,285.98248,285.70123,284.54498,284.35748,284.35748,284.76373,284.76373,284.32623,284.98248,284.76373
