frontend/src/assets/file/spot/t2.json
{"header": {"discipline":0,"disciplineName":"Meteorological products","gribEdition":2,"gribLength":97936,"center":98,"centerName":"European Center for Medium-Range Weather Forecasts (RSMC)","subcenter":0,"refTime":"2019-04-26T12:00:00.000Z","significanceOfRT":1,"significanceOfRTName":"Start of forecast","productStatus":0,"productStatusName":"Operational products","productType":1,"productTypeName":"Forecast products","productDefinitionTemplate":0,"productDefinitionTemplateName":"Analysis/forecast at horizontal level/layer at a point in time","parameterCategory":0,"parameterCategoryName":"Temperature","parameterNumber":0,"parameterNumberName":"Temperature","parameterUnit":"K","genProcessType":0,"genProcessTypeName":"Analysis","forecastTime":66,"surface1Type":103,"surface1TypeName":"Specified height level above ground","surface1Value":2.0,"surface2Type":255,"surface2TypeName":"Missing","surface2Value":-9.999E-252,"gridDefinitionTemplate":0,"gridDefinitionTemplateName":"Latitude_Longitude","numberPoints":65160,"shape":6,"shapeName":"Earth spherical with radius of 6,371,229.0 m","gridUnits":"degrees","resolution":48,"winds":"true","scanMode":0,"nx":360,"ny":181,"basicAngle":0,"lo1":0.0,"la1":90.0,"lo2":359.0,"la2":-90.0,"dx":1.0,"dy":1.0}, "data":
[rows 78 to 103 of 181, columns 180 to 239 of 360]
299.57623,299.48248,299.51373,299.60748,299.57623,299.82623,299.85748,299.51373,299.41998,299.57623,299.57623,299.57623,299.26373,299.32623,299.16998,299.32623,299.23248,299.60748,299.51373,299.98248,299.38873,299.66998,299.66998,299.45123,299.45123,299.48248,299.26373,299.10748,299.10748,299.07623,299.23248,299.41998,299.54498,299.35748,299.35748,299.45123,299.45123,299.48248,299.60748,299.85748,299.60748,299.38873,299.45123,299.29498,299.48248,299.38873,299.35748,299.23248,299.35748,299.23248,299.20123,299.20123,299.41998,299.57623,299.76373,299.79498,299.54498,299.41998,299.48248,299.70123
299.76373,299.76373,299.95123,299.95123,300.07623,299.91998,299.76373,299.70123,299.85748,299.70123,299.76373,299.45123,299.66998,299.76373,299.66998,299.38873,299.91998,299.88873,300.07623,299.82623,299.98248,300.10748,299.98248,299.76373,299.35748,299.23248,299.38873,298.95123,298.88873,299.07623,299.48248,299.63873,299.20123,299.57623,299.66998,299.60748,298.91998,299.51373,299.63873,299.63873,299.95123,299.70123,299.98248,300.13873,300.32623,300.01373,299.70123,299.66998,299.76373,299.91998,299.88873,299.88873,300.01373,300.04498,300.01373,300.07623,299.66998,299.91998,299.88873,299.91998
300.10748,300.16998,300.51373,300.51373,300.26373,299.95123,300.29498,300.23248,299.98248,299.66998,299.57623,299.66998,300.04498,299.82623,299.91998,300.07623,300.10748,300.01373,300.13873,300.13873,300.35748,300.45123,299.98248,299.85748,299.63873,299.60748,299.48248,299.38873,299.51373,299.29498,299.66998,299.29498,299.32623,299.01373,299.51373,298.98248,299.07623,299.45123,299.70123,300.01373,299.88873,299.41998,299.48248,300.23248,300.57623,300.29498,300.23248,300.26373,300.10748,300.23248,300.51373,300.48248,300.54498,300.70123,300.79498,300.79498,301.04498,300.91998,301.26373,301.16998
300.32623,301.04498,300.88873,300.60748,300.48248,300.35748,300.51373,300.38873,300.16998,299.82623,299.98248,299.91998,299.88873,300.01373,300.23248,300.29498,300.26373,299.98248,300.10748,300.35748,300.26373,299.91998,299.91998,299.79498,299.60748,299.63873,299.63873,299.41998,299.41998,299.23248,299.32623,299.29498,299.38873,299.48248,299.54498,299.23248,299.38873,299.35748,300.10748,300.23248,299.38873,299.73248,299.60748,300.01373,300.60748,300.73248,300.63873,299.35748,299.70123,300.10748,300.35748,300.45123,300.35748,300.54498,300.54498,300.32623,300.16998,300.73248,300.35748,300.41998
300.63873,300.66998,300.07623,300.41998,300.48248,300.63873,300.54498,300.51373,300.45123,299.45123,299.88873,299.60748,299.70123,299.38873,299.45123,299.95123,299.54498,299.70123,299.60748,299.91998,299.79498,300.07623,300.26373,300.45123,300.16998,299.70123,300.26373,300.01373,299.57623,299.66998,300.01373,299.63873,299.95123,300.10748,299.73248,299.70123,299.82623,299.41998,300.26373,300.70123,299.41998,300.07623,299.73248,299.57623,300.32623,300.76373,300.70123,299.38873,300.16998,300.38873,300.57623,300.41998,300.35748,300.10748,299.76373,299.76373,299.60748,300.20123,300.23248,300.35748
300.45123,300.32623,300.45123,300.60748,300.01373,300.04498,300.26373,300.13873,300.60748,300.10748,300.26373,299.66998,300.20123,299.98248,299.57623,300.10748,300.20123,299.66998,300.45123,300.73248,300.70123,300.57623,300.45123,299.85748,299.66998,300.01373,300.04498,300.20123,300.60748,300.04498,300.35748,299.82623,300.54498,300.41998,299.63873,299.73248,299.70123,299.85748,300.16998,300.60748,299.57623,299.88873,300.10748,299.41998,300.13873,300.48248,300.54498,299.20123,299.79498,300.16998,300.54498,300.66998,300.70123,300.79498,300.79498,300.91998,300.26373,300.20123,299.91998,300.20123
300.29498,300.35748,300.04498,300.13873,300.04498,300.07623,299.85748,300.76373,300.29498,300.41998,300.51373,300.88873,300.32623,300.66998,300.01373,300.10748,299.79498,299.98248,301.01373,300.85748,300.70123,300.51373,300.29498,300.10748,300.07623,300.38873,300.35748,300.73248,300.82623,300.76373,300.57623,300.07623,300.48248,300.48248,299.85748,300.10748,299.88873,299.88873,300.20123,300.35748,299.38873,299.85748,300.01373,299.60748,300.07623,300.51373,300.60748,299.35748,299.45123,299.88873,300.54498,300.79498,301.01373,301.07623,301.13873,301.10748,301.10748,301.04498,301.29498,299.88873
300.04498,300.01373,299.76373,299.79498,300.10748,300.04498,300.16998,300.70123,301.07623,300.60748,300.57623,300.32623,301.01373,301.32623,300.35748,300.29498,300.73248,300.70123,300.13873,301.10748,301.48248,300.88873,300.88873,300.51373,300.85748,300.73248,301.70123,301.70123,300.79498,300.07623,300.41998,300.38873,300.66998,299.98248,300.60748,299.88873,299.73248,299.57623,299.95123,299.88873,299.54498,299.88873,299.70123,299.54498,300.07623,300.07623,300.73248,300.66998,300.10748,299.91998,300.85748,301.45123,301.57623,300.60748,301.29498,301.16998,300.85748,300.76373,301.13873,300.91998
300.38873,300.60748,300.26373,300.32623,300.76373,301.04498,301.01373,300.38873,301.01373,301.04498,300.76373,300.63873,300.82623,301.35748,300.79498,300.48248,300.88873,301.16998,300.76373,300.60748,300.76373,300.82623,300.98248,300.85748,301.23248,301.73248,301.48248,301.10748,300.32623,300.26373,300.70123,300.95123,300.73248,300.60748,300.66998,300.16998,299.70123,299.63873,299.82623,299.70123,299.38873,299.82623,299.60748,299.85748,299.51373,299.57623,300.13873,300.63873,300.23248,301.82623,301.70123,301.95123,301.70123,301.88873,301.29498,300.88873,301.54498,301.20123,301.13873,300.54498
301.16998,300.95123,301.13873,300.95123,301.01373,301.32623,301.23248,300.63873,301.23248,300.57623,300.98248,300.85748,301.01373,301.16998,300.79498,300.29498,300.29498,300.70123,300.48248,301.01373,300.66998,300.23248,301.04498,301.10748,301.20123,300.88873,301.04498,300.98248,300.70123,300.48248,300.45123,300.60748,300.41998,300.54498,300.35748,299.66998,299.57623,299.60748,299.73248,300.20123,299.41998,299.91998,299.57623,300.07623,299.73248,299.57623,300.10748,301.76373,300.95123,300.76373,301.88873,302.01373,301.60748,301.60748,301.79498,301.95123,301.79498,301.76373,301.54498,301.63873
300.88873,300.76373,300.98248,300.79498,300.82623,301.54498,301.63873,301.79498,300.85748,301.10748,300.66998,301.04498,300.70123,300.98248,300.88873,300.79498,301.01373,301.13873,301.38873,301.32623,301.32623,301.57623,301.35748,301.29498,301.10748,301.38873,301.23248,301.29498,301.29498,301.13873,300.95123,300.98248,301.23248,301.13873,300.82623,300.85748,299.48248,299.60748,299.73248,300.04498,299.63873,299.54498,300.10748,299.76373,299.91998,300.98248,301.07623,301.41998,300.38873,300.16998,301.20123,301.88873,301.07623,301.60748,301.35748,301.51373,300.60748,300.95123,301.07623,301.26373
301.23248,300.70123,300.51373,300.79498,300.57623,300.95123,301.32623,300.82623,301.04498,301.20123,301.04498,301.04498,300.73248,301.13873,300.51373,301.23248,301.35748,301.38873,301.41998,301.45123,301.48248,301.32623,301.23248,301.23248,301.16998,301.16998,301.23248,301.04498,300.95123,300.88873,300.85748,300.82623,300.70123,300.63873,300.66998,300.63873,300.79498,300.20123,300.16998,300.38873,300.60748,299.79498,300.45123,300.63873,300.60748,300.95123,300.20123,300.66998,300.95123,301.10748,301.20123,301.20123,301.38873,301.04498,300.91998,300.01373,300.26373,300.41998,300.54498,300.63873
301.60748,300.79498,300.51373,300.79498,300.91998,301.35748,301.38873,301.04498,300.38873,300.91998,301.10748,300.79498,301.29498,301.35748,300.73248,301.35748,301.32623,301.51373,301.41998,301.23248,301.20123,301.01373,300.88873,300.57623,301.13873,301.13873,300.98248,300.88873,301.04498,301.04498,300.95123,300.91998,300.85748,300.85748,300.88873,300.95123,300.76373,300.70123,300.51373,300.54498,300.54498,300.63873,300.54498,300.66998,300.10748,300.20123,299.85748,300.10748,300.45123,300.51373,300.26373,300.76373,300.76373,300.91998,300.16998,300.13873,300.01373,299.91998,299.73248,299.85748
300.76373,300.60748,300.54498,301.01373,300.54498,300.98248,300.98248,301.26373,300.91998,300.88873,300.85748,301.63873,301.73248,301.60748,301.38873,301.54498,301.63873,301.57623,301.35748,301.20123,301.04498,301.07623,301.04498,301.01373,300.51373,300.79498,301.13873,301.38873,301.51373,301.41998,301.35748,301.45123,301.04498,301.26373,300.85748,300.13873,300.07623,300.10748,300.35748,300.57623,300.41998,300.76373,300.63873,300.91998,300.41998,300.04498,300.10748,300.13873,299.95123,300.54498,300.70123,300.63873,300.98248,300.38873,299.82623,300.07623,300.01373,299.60748,299.88873,299.54498
301.35748,300.70123,300.70123,300.73248,300.76373,300.57623,300.88873,300.79498,300.66998,300.98248,301.01373,301.66998,301.57623,301.63873,301.95123,301.70123,301.63873,301.98248,301.48248,301.41998,301.23248,300.85748,300.95123,301.32623,301.48248,300.82623,300.35748,300.13873,300.26373,300.63873,301.01373,301.13873,301.35748,300.76373,300.23248,300.48248,300.35748,300.70123,300.45123,300.13873,300.38873,300.07623,300.26373,300.51373,300.07623,300.35748,300.26373,300.20123,300.23248,300.45123,300.70123,300.51373,301.04498,300.45123,300.01373,299.98248,299.63873,299.57623,299.82623,300.10748
301.20123,301.04498,300.82623,300.70123,300.66998,301.07623,300.63873,301.04498,301.48248,301.38873,301.63873,301.98248,301.95123,301.70123,301.38873,301.20123,301.23248,301.88873,301.57623,301.29498,301.13873,300.91998,300.98248,300.66998,301.26373,301.26373,300.66998,300.88873,300.95123,301.04498,301.10748,301.85748,301.73248,301.38873,300.76373,300.76373,300.79498,301.07623,300.45123,299.85748,300.60748,300.13873,299.73248,300.29498,300.73248,300.51373,300.51373,300.32623,300.45123,300.35748,300.82623,300.91998,301.32623,300.51373,299.85748,299.88873,299.73248,300.76373,300.98248,300.98248
301.63873,301.45123,302.04498,302.07623,301.54498,301.29498,300.85748,300.95123,301.29498,301.45123,301.79498,302.01373,301.95123,301.76373,301.73248,301.60748,301.04498,301.07623,301.04498,301.35748,301.29498,300.73248,301.26373,300.98248,301.70123,301.51373,300.32623,301.13873,301.01373,301.26373,300.73248,300.26373,300.98248,301.20123,300.63873,300.60748,300.98248,301.07623,300.41998,300.16998,300.38873,300.20123,299.70123,299.98248,300.88873,301.38873,301.38873,301.07623,301.04498,301.38873,301.51373,301.16998,301.13873,301.13873,300.70123,300.63873,301.16998,301.01373,301.07623,300.95123
301.82623,301.38873,302.13873,301.85748,301.66998,301.01373,300.76373,300.79498,301.35748,302.10748,301.79498,301.95123,302.04498,301.88873,302.07623,301.98248,301.79498,302.23248,302.13873,301.82623,301.23248,300.82623,300.88873,301.20123,301.10748,302.07623,300.35748,300.32623,300.98248,301.07623,300.45123,300.35748,301.26373,300.88873,300.32623,300.51373,301.51373,301.76373,301.32623,300.13873,300.41998,299.98248,299.88873,300.79498,300.95123,301.29498,301.10748,301.13873,301.29498,301.29498,301.10748,300.95123,300.95123,300.85748,300.76373,300.73248,300.88873,301.04498,300.88873,300.98248
302.10748,301.73248,301.10748,300.79498,301.01373,300.95123,300.91998,300.91998,301.13873,301.54498,301.63873,301.79498,301.82623,301.95123,302.01373,301.91998,301.91998,301.88873,302.26373,302.23248,302.29498,302.07623,302.23248,302.41998,302.01373,302.10748,302.01373,300.51373,300.66998,300.73248,300.76373,300.26373,300.20123,300.38873,300.70123,301.01373,301.63873,301.60748,300.95123,301.20123,300.60748,300.98248,300.63873,300.79498,300.91998,301.23248,301.20123,301.13873,301.07623,301.07623,300.91998,300.76373,300.91998,300.91998,300.63873,300.70123,300.73248,300.98248,300.85748,300.95123
300.88873,301.29498,301.13873,300.73248,300.66998,300.91998,300.95123,301.32623,301.29498,301.26373,301.79498,301.95123,302.01373,301.79498,301.26373,301.35748,300.88873,301.45123,302.04498,302.41998,302.07623,302.01373,302.20123,302.13873,302.20123,302.20123,302.35748,301.95123,301.66998,300.29498,300.73248,301.13873,300.38873,300.88873,300.48248,300.29498,300.01373,301.23248,301.66998,301.35748,301.51373,301.38873,301.38873,301.07623,301.07623,301.20123,301.20123,301.04498,301.07623,300.66998,300.73248,300.91998,300.98248,300.76373,300.51373,300.63873,300.76373,300.82623,300.66998,300.63873
300.91998,301.85748,301.04498,301.20123,301.01373,300.57623,301.04498,301.60748,300.79498,300.88873,301.35748,301.79498,301.73248,301.79498,302.29498,301.70123,301.10748,301.41998,302.32623,302.48248,302.38873,302.32623,302.45123,302.16998,302.20123,302.04498,302.85748,302.20123,302.20123,302.26373,300.41998,301.29498,301.10748,301.20123,300.91998,300.70123,300.73248,300.70123,300.95123,301.04498,301.29498,301.29498,301.07623,300.98248,301.13873,300.88873,300.91998,300.91998,300.98248,300.57623,300.51373,300.57623,300.63873,300.60748,300.51373,300.48248,300.60748,300.48248,300.29498,300.38873
301.16998,301.51373,301.76373,301.35748,301.23248,300.82623,300.54498,301.07623,300.76373,300.73248,301.13873,301.13873,301.07623,300.76373,301.13873,301.54498,301.35748,302.41998,302.48248,302.45123,302.32623,302.35748,302.07623,302.04498,302.26373,302.26373,302.20123,302.51373,302.10748,302.20123,302.79498,301.88873,300.95123,300.85748,301.54498,302.04498,301.76373,301.70123,301.57623,301.73248,301.60748,301.23248,301.45123,301.16998,301.13873,300.95123,301.16998,300.85748,300.60748,300.66998,300.51373,300.32623,300.38873,300.60748,300.48248,300.10748,300.38873,300.35748,300.16998,299.98248
301.51373,301.38873,301.48248,301.26373,301.38873,301.45123,300.88873,301.01373,301.04498,300.91998,301.04498,301.07623,301.32623,302.26373,300.85748,300.66998,301.73248,302.54498,302.07623,301.95123,302.63873,302.41998,302.38873,301.38873,301.26373,301.32623,302.01373,301.91998,302.04498,301.85748,301.95123,302.63873,302.04498,302.13873,302.07623,301.79498,301.70123,301.73248,301.73248,301.73248,301.13873,301.04498,301.10748,301.35748,301.10748,300.79498,300.63873,300.88873,300.70123,300.45123,300.41998,300.32623,300.16998,300.10748,300.35748,300.16998,300.01373,299.82623,300.10748,299.95123
301.45123,301.88873,301.57623,301.63873,301.63873,301.91998,301.76373,300.76373,300.76373,300.88873,302.07623,301.66998,302.45123,301.29498,301.10748,301.20123,301.76373,302.63873,301.04498,300.79498,301.07623,301.45123,300.88873,301.70123,302.01373,302.01373,301.07623,301.66998,301.82623,301.63873,301.60748,301.70123,302.16998,301.82623,301.91998,301.26373,302.01373,301.91998,301.66998,302.01373,301.51373,301.41998,301.13873,301.07623,300.85748,301.10748,300.48248,300.48248,300.45123,300.51373,300.41998,300.26373,300.04498,299.88873,299.95123,299.95123,299.76373,299.57623,299.45123,299.66998
301.23248,301.73248,302.04498,302.04498,302.13873,301.95123,301.95123,302.01373,301.20123,301.76373,301.85748,302.48248,302.29498,300.98248,301.41998,300.54498,300.45123,301.57623,301.20123,301.26373,301.45123,300.82623,300.63873,301.95123,301.70123,300.91998,301.35748,301.66998,301.95123,300.63873,301.54498,301.76373,301.91998,302.10748,302.04498,301.35748,300.26373,300.16998,300.26373,301.13873,300.63873,300.70123,301.16998,301.10748,300.88873,300.57623,300.54498,300.82623,300.48248,300.07623,300.04498,300.16998,300.04498,299.76373,299.85748,299.70123,299.76373,299.32623,299.20123,299.41998
302.07623,301.41998,301.45123,301.85748,301.88873,302.32623,302.04498,302.35748,301.88873,302.16998,301.60748,301.91998,302.26373,301.26373,301.51373,300.48248,300.41998,300.79498,300.63873,300.98248,301.76373,301.26373,301.07623,301.38873,301.35748,300.57623,300.79498,301.51373,302.13873,301.98248,301.57623,300.57623,301.95123,302.16998,302.32623,300.79498,300.54498,299.63873,300.45123,301.01373,300.57623,300.66998,300.70123,300.73248,300.76373,300.66998,300.54498,301.13873,300.38873,299.88873,300.32623,300.01373,299.82623,299.82623,299.79498,299.51373,299.38873,299.10748,299.26373,299.48248
