frontend/src/assets/file/spot/t2.json
{"header": {"discipline":0,"disciplineName":"Meteorological products","gribEdition":2,"gribLength":97936,"center":98,"centerName":"European Center for Medium-Range Weather Forecasts (RSMC)","subcenter":0,"refTime":"2019-04-26T12:00:00.000Z","significanceOfRT":1,"significanceOfRTName":"Start of forecast","productStatus":0,"productStatusName":"Operational products","productType":1,"productTypeName":"Forecast products","productDefinitionTemplate":0,"productDefinitionTemplateName":"Analysis/forecast at horizontal level/layer at a point in time","parameterCategory":0,"parameterCategoryName":"Temperature","parameterNumber":0,"parameterNumberName":"Temperature","parameterUnit":"K","genProcessType":0,"genProcessTypeName":"Analysis","forecastTime":66,"surface1Type":103,"surface1TypeName":"Specified height level above ground","surface1Value":2.0,"surface2Type":255,"surface2TypeName":"Missing","surface2Value":-9.999E-252,"gridDefinitionTemplate":0,"gridDefinitionTemplateName":"Latitude_Longitude","numberPoints":65160,"shape":6,"shapeName":"Earth spherical with radius of 6,371,229.0 m","gridUnits":"degrees","resolution":48,"winds":"true","scanMode":0,"nx":360,"ny":181,"basicAngle":0,"lo1":0.0,"la1":90.0,"lo2":359.0,"la2":-90.0,"dx":1.0,"dy":1.0}, "data":
[rows 130 to 155 of 181, columns 0 to 59 of 360]
285.73248,285.60748,286.04498,286.32623,286.41998,287.60748,287.13873,288.76373,289.45123,289.63873,289.04498,287.29498,286.85748,287.32623,288.04498,291.07623,291.73248,291.38873,290.51373,290.73248,290.60748,291.63873,293.10748,292.41998,292.73248,292.32623,292.38873,292.60748,293.01373,292.32623,292.07623,292.48248,291.20123,289.91998,289.66998,289.60748,289.85748,288.98248,288.16998,287.10748,286.01373,285.98248,285.60748,285.45123,285.54498,285.57623,285.63873,285.66998,284.73248,284.88873,285.01373,284.04498,283.38873,282.66998,283.41998,284.29498,283.82623,283.57623,283.20123,283.29498
284.66998,284.85748,285.26373,285.38873,285.91998,286.20123,286.66998,286.82623,288.48248,288.10748,286.73248,287.32623,287.26373,287.01373,288.35748,290.76373,291.57623,291.51373,289.16998,288.66998,289.16998,289.04498,289.76373,291.23248,291.88873,292.76373,291.01373,290.66998,290.60748,290.85748,290.76373,290.73248,289.73248,289.10748,289.23248,289.29498,288.07623,288.10748,287.23248,286.73248,286.16998,285.48248,286.10748,284.66998,284.45123,284.41998,284.20123,283.66998,283.91998,283.88873,282.57623,281.41998,281.38873,282.45123,282.66998,283.01373,282.76373,282.60748,282.70123,282.32623
284.26373,284.45123,284.07623,284.41998,285.01373,285.13873,285.57623,286.35748,286.13873,286.20123,285.85748,285.45123,285.88873,285.57623,287.04498,288.91998,290.82623,289.26373,289.23248,288.41998,288.04498,288.76373,290.13873,291.29498,292.38873,290.79498,289.95123,290.04498,289.66998,289.38873,289.51373,289.20123,287.63873,288.54498,287.76373,287.48248,287.48248,286.88873,286.51373,286.07623,286.63873,285.54498,284.91998,283.54498,283.54498,282.45123,281.73248,282.26373,282.51373,281.85748,280.70123,280.70123,281.51373,281.20123,280.95123,281.32623,281.63873,281.13873,281.73248,281.70123
283.51373,283.32623,283.82623,283.16998,284.04498,284.63873,285.01373,284.57623,284.63873,285.04498,285.10748,285.04498,285.45123,285.85748,285.07623,284.41998,285.70123,288.13873,287.85748,288.04498,287.35748,286.79498,286.29498,287.32623,289.29498,290.04498,288.38873,288.10748,288.35748,287.98248,288.35748,287.26373,287.13873,287.07623,286.32623,285.91998,285.76373,285.57623,284.76373,284.91998,284.51373,283.57623,282.01373,281.76373,281.63873,281.60748,281.54498,281.01373,280.41998,280.01373,279.91998,280.57623,280.26373,279.35748,279.82623,280.26373,279.01373,280.23248,280.04498,281.51373
281.88873,282.20123,283.16998,283.45123,282.70123,283.66998,283.79498,283.79498,283.82623,283.79498,284.79498,284.79498,284.82623,285.60748,285.23248,284.85748,284.70123,287.16998,286.07623,285.98248,287.04498,287.60748,286.48248,285.66998,285.66998,287.51373,287.48248,286.48248,286.07623,286.70123,286.60748,286.23248,286.04498,285.70123,285.35748,285.01373,284.41998,284.13873,284.07623,283.88873,283.48248,282.41998,281.10748,281.51373,281.48248,281.04498,280.51373,279.79498,279.70123,279.16998,279.91998,279.82623,279.82623,278.70123,279.35748,279.20123,279.73248,279.63873,279.35748,280.48248
280.98248,281.10748,282.01373,282.23248,282.20123,282.76373,282.85748,282.98248,283.23248,283.41998,283.79498,283.88873,283.66998,284.01373,283.35748,282.32623,282.26373,281.98248,283.54498,282.10748,282.13873,282.79498,282.98248,283.13873,283.82623,283.98248,283.45123,284.01373,284.41998,285.45123,285.70123,285.41998,285.29498,284.88873,284.45123,284.66998,284.13873,283.79498,283.23248,283.26373,282.35748,281.29498,280.66998,280.70123,280.45123,280.13873,279.88873,279.41998,278.60748,279.01373,278.70123,277.48248,278.57623,278.54498,278.35748,278.66998,278.79498,278.13873,279.10748,279.41998
279.63873,280.16998,280.82623,280.57623,281.48248,281.63873,281.57623,281.85748,282.04498,282.57623,283.20123,283.16998,283.10748,282.76373,282.48248,282.98248,282.26373,280.76373,280.16998,280.76373,281.10748,281.54498,281.01373,281.01373,280.63873,280.60748,281.73248,282.48248,282.91998,282.82623,283.48248,284.26373,284.20123,283.63873,283.98248,283.88873,283.63873,283.48248,282.82623,282.29498,281.26373,280.38873,280.04498,279.70123,279.63873,279.38873,279.04498,278.57623,278.23248,278.07623,277.57623,278.04498,277.91998,277.73248,278.13873,278.32623,278.04498,278.51373,278.20123,278.79498
279.60748,279.73248,279.95123,280.20123,280.70123,281.20123,281.07623,280.91998,281.01373,281.51373,281.95123,282.63873,282.66998,281.95123,281.57623,281.79498,280.57623,280.38873,280.35748,280.29498,279.98248,279.54498,279.41998,279.45123,279.48248,279.66998,280.35748,280.76373,279.88873,280.29498,282.01373,282.38873,282.54498,283.04498,282.85748,282.88873,282.60748,282.01373,282.66998,281.82623,280.29498,279.35748,278.63873,278.10748,278.60748,278.20123,278.10748,277.88873,277.45123,278.07623,277.66998,277.85748,277.35748,277.32623,277.32623,277.57623,278.26373,277.54498,278.26373,276.98248
279.13873,279.41998,279.41998,279.76373,280.10748,280.41998,280.48248,280.38873,279.88873,279.79498,280.98248,280.88873,281.23248,281.23248,280.76373,280.48248,280.26373,279.63873,279.35748,279.48248,279.41998,278.91998,278.41998,277.57623,277.82623,277.82623,277.91998,278.32623,279.10748,280.16998,280.95123,281.48248,281.63873,282.07623,281.51373,281.16998,281.48248,281.51373,281.29498,280.85748,279.79498,277.66998,275.54498,277.07623,276.85748,277.01373,277.35748,277.60748,277.57623,277.45123,277.51373,277.48248,276.98248,276.48248,277.07623,277.48248,277.13873,277.29498,277.79498,276.85748
279.16998,278.48248,279.23248,279.63873,279.32623,279.70123,279.51373,279.16998,279.16998,279.20123,279.29498,280.20123,279.95123,280.41998,279.88873,279.85748,279.51373,279.32623,278.57623,278.60748,278.57623,277.79498,277.63873,277.38873,277.32623,277.04498,277.26373,277.54498,277.57623,277.70123,279.10748,279.66998,279.51373,279.98248,280.07623,280.20123,280.51373,280.38873,280.66998,279.60748,276.04498,275.16998,275.23248,275.57623,276.32623,277.13873,276.95123,276.85748,277.38873,276.95123,276.88873,277.13873,276.66998,277.51373,276.85748,277.10748,277.04498,276.38873,277.26373,276.82623
278.01373,278.13873,278.23248,278.38873,277.91998,277.91998,278.20123,278.16998,278.70123,279.07623,278.98248,278.88873,279.04498,279.01373,279.85748,279.88873,279.85748,279.48248,278.98248,277.73248,277.82623,277.10748,277.35748,277.01373,276.48248,275.76373,275.23248,275.29498,275.29498,275.79498,277.41998,278.48248,278.85748,278.98248,279.07623,279.10748,279.45123,279.66998,277.41998,275.51373,275.48248,275.35748,275.20123,276.01373,276.70123,276.54498,276.41998,276.63873,276.88873,276.66998,276.51373,276.73248,276.57623,276.48248,276.26373,275.73248,276.88873,276.76373,276.35748,276.23248
277.07623,276.98248,276.95123,276.95123,276.88873,276.73248,276.66998,276.73248,276.48248,276.82623,278.38873,278.23248,278.32623,278.51373,278.41998,278.51373,278.70123,278.45123,277.63873,277.26373,276.79498,276.76373,276.29498,275.85748,276.01373,275.73248,276.07623,276.07623,276.57623,276.29498,276.20123,277.01373,278.26373,278.32623,278.29498,278.98248,277.32623,276.32623,275.91998,275.41998,275.20123,275.41998,276.13873,276.07623,276.10748,276.07623,275.91998,275.79498,275.76373,276.07623,276.07623,275.95123,275.63873,276.04498,276.13873,276.23248,276.16998,276.29498,276.32623,275.51373
276.51373,276.07623,275.95123,275.70123,276.07623,276.32623,276.66998,276.45123,276.38873,277.66998,277.91998,277.76373,277.38873,277.48248,277.70123,277.57623,277.54498,277.48248,277.04498,276.73248,276.29498,275.95123,275.76373,275.32623,275.32623,275.57623,275.82623,276.48248,276.98248,277.01373,276.91998,276.79498,277.20123,277.57623,276.41998,276.04498,275.70123,275.41998,275.26373,275.23248,275.66998,275.51373,275.54498,275.57623,275.48248,275.23248,275.29498,275.13873,275.41998,275.10748,275.16998,275.41998,275.35748,275.54498,275.82623,275.66998,275.41998,276.07623,275.66998,275.60748
274.85748,275.01373,274.70123,274.32623,274.23248,274.35748,274.35748,274.54498,274.76373,275.35748,274.54498,275.26373,277.10748,276.76373,276.41998,276.23248,276.23248,276.23248,276.04498,275.88873,275.73248,275.29498,275.07623,275.16998,275.48248,275.51373,275.41998,276.16998,276.63873,277.04498,276.98248,276.23248,275.63873,275.23248,275.07623,275.04498,274.82623,274.91998,275.26373,275.10748,275.01373,275.10748,274.79498,274.73248,274.76373,274.51373,274.26373,274.10748,274.45123,274.66998,274.82623,274.95123,274.91998,274.95123,275.13873,275.35748,275.73248,275.76373,274.82623,275.26373
273.04498,273.66998,273.54498,273.07623,272.91998,273.41998,273.23248,273.16998,273.32623,273.48248,273.54498,273.70123,274.70123,274.70123,274.88873,275.20123,275.16998,275.48248,275.45123,275.29498,275.10748,274.95123,275.04498,275.23248,274.63873,274.60748,274.76373,274.66998,274.66998,274.51373,274.32623,274.35748,274.32623,274.04498,273.98248,274.23248,274.41998,274.57623,274.73248,274.54498,274.70123,274.54498,274.29498,274.26373,273.82623,273.88873,274.07623,274.04498,273.88873,274.07623,273.91998,274.16998,274.41998,274.48248,274.95123,274.85748,275.29498,275.13873,275.04498,274.98248
273.98248,273.85748,273.82623,273.82623,273.73248,273.76373,273.70123,273.60748,273.54498,273.60748,273.54498,273.57623,273.76373,274.01373,274.32623,274.54498,274.70123,274.79498,274.66998,274.70123,274.70123,274.82623,274.23248,274.26373,274.35748,274.26373,273.91998,273.88873,273.60748,273.51373,273.51373,273.41998,273.51373,273.76373,273.85748,274.10748,274.10748,274.20123,274.48248,274.20123,273.88873,273.63873,273.91998,273.76373,273.48248,273.70123,273.57623,273.66998,273.48248,273.66998,273.95123,274.01373,274.29498,274.41998,274.51373,273.88873,274.29498,274.10748,274.35748,274.23248
273.66998,273.51373,273.54498,273.35748,273.32623,273.26373,273.26373,273.32623,273.20123,273.32623,273.57623,273.66998,273.88873,273.88873,273.38873,273.95123,274.16998,274.32623,274.38873,273.88873,274.01373,273.88873,273.70123,273.60748,273.63873,273.51373,273.29498,273.29498,273.26373,273.35748,273.57623,273.70123,273.66998,273.23248,273.57623,273.60748,273.57623,273.73248,273.85748,273.41998,273.20123,273.16998,273.38873,273.45123,273.07623,273.38873,273.29498,273.38873,273.29498,272.98248,272.95123,272.98248,272.91998,273.60748,273.35748,273.54498,273.88873,273.85748,273.82623,273.76373
273.20123,273.16998,273.16998,273.10748,272.98248,272.95123,273.01373,272.91998,273.01373,273.04498,273.16998,273.35748,273.35748,273.35748,273.48248,273.66998,273.70123,273.66998,273.60748,273.35748,273.10748,273.07623,273.01373,273.13873,272.98248,272.98248,273.04498,273.10748,273.20123,273.10748,273.13873,273.04498,272.91998,272.88873,272.76373,272.91998,273.07623,273.29498,273.85748,273.66998,273.26373,273.45123,273.10748,273.13873,272.98248,273.01373,273.10748,273.07623,272.79498,272.70123,273.26373,273.20123,273.48248,273.57623,273.91998,273.82623,273.29498,273.13873,273.23248,273.57623
272.98248,272.91998,272.91998,273.04498,272.85748,272.76373,272.76373,272.73248,272.76373,272.82623,272.95123,272.85748,272.66998,272.88873,272.79498,272.79498,272.76373,272.63873,272.79498,272.76373,272.82623,272.79498,272.57623,272.51373,272.54498,271.63873,272.07623,272.45123,272.16998,271.66998,271.79498,271.70123,271.63873,271.57623,271.63873,271.60748,271.76373,272.32623,273.20123,272.98248,273.45123,273.23248,273.29498,272.73248,272.73248,272.51373,272.57623,272.41998,272.16998,272.38873,273.20123,272.76373,273.16998,273.26373,273.23248,273.13873,273.60748,273.38873,273.10748,273.04498
272.41998,272.48248,272.51373,272.54498,272.51373,272.26373,272.32623,272.26373,272.26373,272.23248,272.35748,272.29498,272.29498,272.60748,272.29498,272.41998,272.26373,272.29498,272.51373,272.85748,272.57623,272.51373,272.29498,272.07623,272.07623,271.66998,271.41998,271.51373,271.85748,271.45123,271.57623,271.76373,271.88873,271.63873,271.85748,271.82623,271.85748,272.16998,272.01373,272.32623,272.82623,272.10748,272.73248,272.48248,272.29498,272.41998,272.38873,272.23248,272.10748,272.76373,272.01373,272.20123,272.63873,272.38873,272.23248,272.54498,272.85748,272.79498,273.01373,273.16998
271.73248,271.73248,271.54498,271.63873,271.63873,271.76373,271.82623,271.76373,271.73248,271.73248,271.70123,271.76373,271.73248,271.45123,271.73248,271.41998,271.54498,271.60748,271.48248,271.82623,271.51373,271.63873,271.51373,271.73248,271.76373,271.66998,271.82623,271.70123,271.76373,271.63873,271.54498,271.60748,271.63873,271.63873,271.82623,271.91998,271.98248,271.85748,271.70123,271.73248,271.73248,271.95123,271.70123,272.35748,272.23248,272.10748,271.88873,271.79498,271.91998,271.54498,271.60748,271.60748,271.76373,271.88873,271.91998,271.91998,272.29498,272.41998,272.57623,273.13873
271.23248,271.45123,271.32623,271.20123,270.95123,271.23248,271.60748,271.29498,271.23248,271.23248,271.10748,271.16998,271.20123,271.16998,271.38873,271.04498,271.01373,270.85748,271.23248,271.66998,271.70123,271.63873,271.76373,271.35748,271.54498,271.82623,271.82623,271.98248,272.10748,272.01373,271.76373,271.79498,271.54498,271.82623,271.73248,272.01373,271.85748,271.88873,271.95123,272.10748,272.29498,271.73248,271.63873,271.73248,271.98248,271.66998,271.54498,271.41998,271.57623,270.88873,270.95123,270.91998,271.01373,271.32623,271.57623,271.70123,271.85748,271.91998,272.23248,272.73248
271.16998,271.07623,271.16998,271.20123,271.32623,270.82623,271.10748,271.07623,271.29498,271.38873,271.57623,271.16998,271.13873,271.26373,271.51373,271.60748,271.38873,271.54498,271.66998,271.16998,271.29498,271.73248,271.63873,271.82623,272.13873,272.01373,271.91998,272.26373,271.45123,271.54498,271.20123,271.29498,272.13873,272.48248,272.29498,272.20123,272.16998,272.07623,272.16998,271.82623,271.57623,272.16998,271.85748,271.51373,271.16998,271.26373,270.95123,271.04498,270.82623,270.26373,270.16998,270.16998,270.07623,270.38873,270.45123,270.76373,271.10748,270.98248,270.95123,271.20123
271.16998,271.48248,271.26373,271.16998,271.16998,271.16998,271.29498,271.29498,271.16998,271.38873,271.41998,271.45123,271.48248,271.60748,271.76373,271.29498,271.26373,271.38873,271.13873,271.29498,271.20123,271.23248,271.20123,271.32623,271.41998,271.38873,271.60748,271.54498,271.26373,271.20123,271.88873,271.79498,271.76373,271.54498,271.38873,271.16998,271.29498,271.26373,271.51373,271.51373,271.73248,271.45123,271.82623,271.29498,270.91998,271.07623,270.57623,270.26373,269.91998,269.76373,269.45123,269.35748,269.29498,269.01373,269.04498,269.23248,269.45123,269.60748,269.73248,269.60748
271.48248,271.32623,271.20123,271.54498,271.16998,271.07623,271.13873,271.48248,271.41998,271.45123,271.60748,271.70123,271.45123,271.76373,271.98248,271.35748,271.57623,271.29498,271.29498,271.26373,271.04498,270.91998,270.95123,270.91998,270.98248,271.01373,271.01373,271.07623,270.54498,270.32623,270.57623,270.54498,270.23248,269.38873,270.26373,270.88873,270.60748,270.29498,271.54498,271.63873,271.10748,271.10748,271.73248,271.23248,270.79498,270.95123,270.54498,269.91998,269.73248,269.26373,269.23248,269.60748,269.66998,269.16998,268.45123,268.07623,268.04498,268.01373,267.88873,267.98248
271.54498,271.57623,271.66998,271.73248,271.70123,271.41998,271.41998,271.51373,271.63873,271.60748,271.41998,271.29498,271.13873,270.82623,270.85748,270.66998,270.48248,270.32623,270.35748,270.41998,270.45123,270.32623,270.10748,270.07623,270.01373,270.07623,270.29498,270.29498,270.26373,269.60748,269.20123,268.16998,268.04498,268.04498,268.35748,268.60748,269.10748,269.66998,269.48248,270.01373,270.54498,270.48248,271.29498,271.07623,270.26373,270.35748,270.04498,269.95123,269.73248,269.66998,269.76373,268.60748,265.98248,264.41998,264.70123,266.04498,266.26373,266.63873,266.57623,266.23248
