frontend/src/assets/file/spot/vis.json
{"header": {"discipline":0,"disciplineName":"Meteorological products","gribEdition":2,"gribLength":130516,"center":98,"centerName":"European Center for Medium-Range Weather Forecasts (RSMC)","subcenter":0,"refTime":"2019-04-26T12:00:00.000Z","significanceOfRT":1,"significanceOfRTName":"Start of forecast","productStatus":0,"productStatusName":"Operational products","productType":1,"productTypeName":"Forecast products","productDefinitionTemplate":0,"productDefinitionTemplateName":"Analysis/forecast at horizontal level/layer at a point in time","parameterCategory":19,"parameterCategoryName":"Physical_atmospheric_properties","parameterNumber":0,"parameterNumberName":"Visibility","parameterUnit":"m","genProcessType":0,"genProcessTypeName":"Analysis","forecastTime":66,"surface1Type":1,"surface1TypeName":"Ground or water surface","surface1Value":-9.999E-252,"surface2Type":255,"surface2TypeName":"Missing","surface2Value":-9.999E-252,"gridDefinitionTemplate":0,"gridDefinitionTemplateName":"Latitude_Longitude","numberPoints":65160,"shape":6,"shapeName":"Earth spherical with radius of 6,371,229.0 m","gridUnits":"degrees","resolution":48,"winds":"true","scanMode":0,"nx":360,"ny":181,"basicAngle":0,"lo1":0.0,"la1":90.0,"lo2":359.0,"la2":-90.0,"dx":1.0,"dy":1.0}, "data":
[rows 108 to 134 of 181, columns 0 to 60 of 360]
49434.965,48774.965,48122.965,47472.965,41356.965,42954.965,42350.965,37506.965,36962.965,36442.965,32682.967,31038.967,46288.965,51628.965,54098.965,57230.965,58654.965,59596.965,61418.965,56954.965,56418.965,55878.965,56198.965,54782.965,55128.965,56150.965,57742.965,62106.965,59652.965,57252.965,57248.965,52024.965,53238.965,13742.966,26806.967,33244.965,31744.967,3688.966,7146.966,48312.965,49582.965,50944.965,49230.965,54210.965,55602.965,55608.965,57478.965,57076.965,24812.967,4566.966,5554.966,51030.965,22080.967,4104.966,3354.966,5580.966,14008.966,7694.966,4126.966,28230.967,30282.967
49858.965,49208.965,48600.965,48002.965,46578.965,43422.965,42828.965,41838.965,37654.965,36020.965,32462.967,30624.967,31086.967,53140.965,52646.965,55190.965,56954.965,59216.965,61708.965,60014.965,54862.965,54156.965,54034.965,53754.965,53568.965,53062.965,54664.965,54264.965,54378.965,54218.965,54284.965,21472.967,44938.965,28544.967,7564.966,4308.966,25278.967,15600.966,47612.965,47682.965,49012.965,47180.965,48796.965,50832.965,54128.965,56736.965,56844.965,56158.965,9776.966,3452.966,6460.966,41612.965,50338.965,6622.966,4772.966,11506.966,12716.966,8932.966,16886.967,25526.967,42118.965
50270.965,49672.965,49080.965,48508.965,45990.965,43892.965,43310.965,42966.965,38372.965,35140.965,33108.965,34338.965,30400.967,29098.967,52484.965,53228.965,54550.965,57240.965,56414.965,54890.965,53632.965,52488.965,52016.965,51194.965,49162.965,50372.965,52454.965,54360.965,49052.965,48714.965,49656.965,48054.965,47780.965,36880.965,39136.965,7388.966,12436.966,46488.965,46776.965,47080.965,45118.965,46680.965,48364.965,53454.965,55496.965,59428.965,56630.965,52008.965,3406.966,3206.966,53536.965,14036.966,42164.965,8978.966,50212.965,45550.965,14484.966,342.96597,570.96594,1748.966,42688.965
49888.965,50118.965,30642.967,52122.965,48248.965,47730.965,47118.965,43618.965,40742.965,38982.965,36196.965,33522.965,30590.967,34862.965,48526.965,51800.965,52620.965,56248.965,55596.965,53620.965,52288.965,49172.965,47806.965,44572.965,43546.965,45642.965,47882.965,47120.965,47320.965,50308.965,51032.965,50656.965,46740.965,41448.965,15772.966,5026.966,24748.967,10486.966,45986.965,49604.965,47946.965,46194.965,51148.965,53076.965,57558.965,58816.965,58862.965,52072.965,37666.965,59302.965,53212.965,50488.965,50594.965,22830.967,20862.967,26418.967,29950.967,44886.965,44550.965,20720.967,8348.966
47488.965,46720.965,47854.965,49368.965,44832.965,44680.965,44094.965,45468.965,43858.965,39392.965,31564.967,32074.967,30388.967,35342.965,36638.965,51612.965,52310.965,53788.965,51052.965,50130.965,47880.965,47102.965,46754.965,46328.965,43692.965,45056.965,43970.965,43626.965,46156.965,46298.965,45430.965,45228.965,42060.965,43838.965,42772.965,42094.965,44800.965,37952.965,47160.965,45804.965,47048.965,48366.965,46472.965,48658.965,56148.965,57998.965,54770.965,11752.966,27288.967,59540.965,54082.965,53390.965,40052.965,51758.965,50116.965,16374.966,41740.965,19346.967,28004.967,3682.966,2320.966
47792.965,47248.965,47684.965,47334.965,38440.965,41280.965,45510.965,44330.965,44264.965,39792.965,36500.965,26274.967,31048.967,32140.967,36836.965,52666.965,51796.965,50542.965,51596.965,47684.965,45948.965,45288.965,45484.965,45744.965,43858.965,44896.965,41212.965,36162.965,44636.965,36840.965,23126.967,39014.965,29650.967,41722.965,41432.965,43872.965,44596.965,44770.965,45960.965,24402.967,49292.965,49376.965,48476.965,47384.965,50776.965,50082.965,51862.965,53730.965,32198.967,56412.965,54684.965,49834.965,50880.965,49840.965,18686.967,49394.965,45326.965,48496.965,44264.965,33978.965,416.96597
1272.966,47542.965,30676.967,50012.965,43646.965,40212.965,44702.965,44680.965,44666.965,44640.965,39284.965,30042.967,31728.967,32582.967,37044.965,52706.965,50894.965,49544.965,49246.965,45842.965,45490.965,43994.965,44636.965,45234.965,43798.965,44486.965,42972.965,43996.965,34248.965,40278.965,8994.966,34868.965,37676.965,11120.966,40196.965,43652.965,44386.965,43486.965,47554.965,11022.966,48008.965,49394.965,47238.965,50780.965,54584.965,51904.965,42190.965,22754.967,56310.965,55070.965,53886.965,52774.965,52710.965,52680.965,49352.965,48992.965,45006.965,44648.965,43530.965,43638.965,13758.966
11000.966,1878.966,12376.966,46202.965,32604.967,45480.965,44974.965,41168.965,44828.965,45130.965,43484.965,39480.965,38656.965,33058.965,33840.965,54966.965,51624.965,49208.965,48440.965,48034.965,44798.965,43680.965,44276.965,45390.965,45812.965,44738.965,43476.965,44424.965,43546.965,38378.965,22032.967,8018.966,4428.966,34090.965,5682.966,43144.965,46564.965,40388.965,46964.965,44048.965,44602.965,48308.965,45794.965,50468.965,52148.965,50312.965,48612.965,44646.965,53490.965,52990.965,52486.965,51586.965,51008.965,52108.965,52164.965,51938.965,48518.965,48176.965,44636.965,25572.967,42650.965
34188.965,7078.966,492.96597,4576.966,46144.965,11962.966,45252.965,45116.965,41466.965,44510.965,41454.965,40764.965,32356.967,26042.967,34628.965,27026.967,53086.965,49554.965,48380.965,47532.965,44000.965,42676.965,43960.965,43652.965,42664.965,44688.965,43116.965,42222.965,36976.965,516.96594,20330.967,11572.966,18362.967,41774.965,26550.967,42426.965,45770.965,39136.965,46394.965,46714.965,28766.967,47274.965,47570.965,48542.965,49562.965,50610.965,47586.965,37832.965,47770.965,51090.965,49058.965,50264.965,48132.965,48282.965,48428.965,48312.965,48192.965,49304.965,50034.965,44682.965,44798.965
47830.965,34994.965,224.96596,300.96597,46270.965,11364.966,45518.965,48858.965,48504.965,44950.965,44796.965,44268.965,32830.965,36360.965,35214.965,2070.966,54300.965,49928.965,47868.965,46160.965,41330.965,40624.965,40410.965,43616.965,43440.965,43784.965,46190.965,43228.965,37714.965,37270.965,6306.966,35868.965,25024.967,40436.965,41456.965,41738.965,45006.965,41822.965,42780.965,46280.965,45704.965,43162.965,15592.966,43624.965,44098.965,48482.965,44886.965,45204.965,45536.965,46728.965,46686.965,47276.965,50796.965,47756.965,49886.965,49392.965,51280.965,48862.965,51418.965,48256.965,46854.965
51006.965,13834.966,1956.966,512.96594,1976.966,5624.966,45690.965,44944.965,45308.965,45118.965,46770.965,44642.965,44028.965,40820.965,38012.965,32164.967,53686.965,53968.965,50536.965,49356.965,43758.965,41938.965,43048.965,44160.965,43722.965,38876.965,40192.965,46938.965,45484.965,44422.965,5872.966,34618.965,23534.967,40794.965,41116.965,44338.965,41838.965,41610.965,42714.965,43166.965,39812.965,39852.965,43342.965,43654.965,47164.965,44294.965,47768.965,48046.965,48334.965,48862.965,49402.965,49952.965,50230.965,50500.965,50774.965,50874.965,50966.965,51058.965,51166.965,48116.965,50044.965
50558.965,51390.965,46544.965,4378.966,882.96594,2868.966,45860.965,8594.966,45474.965,48820.965,48546.965,44838.965,42462.965,40752.965,38256.965,34690.965,16660.967,54008.965,53486.965,52086.965,46212.965,45920.965,46258.965,45794.965,42886.965,41196.965,47902.965,48728.965,49288.965,47306.965,29028.967,40724.965,35932.965,40430.965,43576.965,41222.965,41656.965,40488.965,39318.965,14080.966,39884.965,42946.965,43530.965,46892.965,47076.965,47262.965,47480.965,47694.965,47914.965,48392.965,48882.965,49376.965,49678.965,49976.965,53052.965,53976.965,52714.965,54268.965,54424.965,50956.965,51022.965
50118.965,53330.965,49930.965,46200.965,1690.966,976.96594,15386.966,45832.965,32812.965,49014.965,48716.965,48408.965,44678.965,44928.965,40828.965,37418.965,24096.967,146.96596,56262.965,54034.965,48018.965,46322.965,48866.965,44990.965,42142.965,50072.965,49140.965,51520.965,52070.965,52390.965,41502.965,39270.965,40090.965,40064.965,40486.965,41706.965,38236.965,33794.965,12058.966,40650.965,43368.965,43550.965,46892.965,46948.965,46994.965,47034.965,47200.965,47360.965,47522.965,47946.965,48378.965,52308.965,48314.965,46186.965,50664.965,50054.965,50328.965,50600.965,50628.965,54184.965,50668.965
49246.965,52612.965,52644.965,8536.966,528.96594,1076.966,8458.966,45520.965,34598.965,31690.967,48450.965,48116.965,44306.965,39562.965,42628.965,38520.965,32810.965,18958.967,44908.965,57028.965,48832.965,48270.965,47088.965,44852.965,47796.965,47610.965,47138.965,46008.965,46402.965,44676.965,43330.965,41686.965,42068.965,39964.965,40482.965,43954.965,39896.965,38734.965,40722.965,42924.965,44340.965,46558.965,46826.965,46952.965,47072.965,46428.965,45384.965,47510.965,45584.965,51454.965,45026.965,45322.965,47166.965,49938.965,52982.965,49698.965,49462.965,50152.965,50178.965,50198.965,50220.965
19504.967,51894.965,52062.965,48900.965,3292.966,1940.966,1070.966,14036.966,29160.967,44610.965,47624.965,47820.965,43930.965,46576.965,43744.965,37018.965,35768.965,22944.967,15016.966,58516.965,56122.965,48058.965,48038.965,47408.965,50060.965,50872.965,48556.965,47206.965,46472.965,43248.965,40300.965,39834.965,41236.965,39880.965,43352.965,44046.965,41740.965,42042.965,42346.965,45756.965,46086.965,46418.965,46748.965,46950.965,47148.965,47430.965,46548.965,47678.965,44602.965,48018.965,48192.965,48366.965,48628.965,48886.965,51190.965,52124.965,49524.965,49712.965,49732.965,49752.965,49778.965
34190.965,51200.965,51110.965,49006.965,48532.965,7976.966,1182.966,324.96597,40066.965,37156.965,36686.965,39060.965,43566.965,46840.965,43062.965,42812.965,38940.965,32642.967,452.96597,60162.965,59402.965,58614.965,51636.965,49952.965,51924.965,52376.965,52344.965,49764.965,46856.965,36218.965,34472.965,32548.967,40440.965,39820.965,40478.965,44126.965,41874.965,42048.965,42222.965,45494.965,45880.965,46270.965,43736.965,43768.965,45928.965,44298.965,47676.965,47844.965,48004.965,48058.965,48100.965,48140.965,48372.965,48614.965,48856.965,46054.965,49134.965,49278.965,46906.965,45120.965,49346.965
30386.967,44238.965,49804.965,47444.965,50930.965,47744.965,1542.966,1010.96594,170.96596,33366.965,28450.967,40830.965,42980.965,46222.965,42896.965,42080.965,39922.965,37814.965,294.96597,60058.965,48472.965,58812.965,50406.965,47790.965,57396.965,58008.965,48086.965,45316.965,36746.965,35100.965,33612.965,37208.965,37158.965,39650.965,40264.965,43908.965,44618.965,41770.965,41956.965,45242.965,48964.965,46054.965,43214.965,46614.965,46854.965,47088.965,47288.965,47488.965,47680.965,47746.965,47810.965,47872.965,51030.965,48232.965,48414.965,48572.965,49802.965,48872.965,48846.965,48816.965,48780.965
7676.966,17016.967,36130.965,46494.965,46698.965,46894.965,45476.965,25142.967,3044.966,2224.966,28204.967,29422.967,28328.967,38776.965,45236.965,44854.965,41726.965,34818.965,36602.965,30832.967,29348.967,35550.965,35794.965,31128.967,42142.965,42432.965,42042.965,31900.967,31104.967,33072.965,35636.965,39418.965,36300.965,39470.965,43032.965,43688.965,41376.965,41498.965,44782.965,47512.965,42226.965,42582.965,42942.965,43120.965,46482.965,46660.965,46888.965,47122.965,47344.965,47440.965,47528.965,47608.965,47728.965,47842.965,47972.965,48152.965,48320.965,48482.965,48408.965,48324.965,48236.965
11950.966,17514.967,7444.966,16948.967,29820.967,46084.965,46328.965,42564.965,28990.967,930.96594,4728.966,5692.966,37230.965,27076.967,40222.965,44198.965,36008.965,39808.965,39392.965,34788.965,25758.967,27678.967,33854.965,26732.967,32746.967,32324.967,25518.967,28870.967,28752.967,31318.967,36696.965,35512.965,35790.965,39284.965,42238.965,40428.965,44084.965,44308.965,44520.965,39224.965,41960.965,42718.965,45832.965,45980.965,46120.965,46254.965,46510.965,46766.965,47020.965,47130.965,47240.965,47342.965,47408.965,47474.965,51062.965,47734.965,47920.965,46134.965,47964.965,47832.965,47704.965
16784.967,15710.966,6180.966,11104.966,6038.966,37612.965,45498.965,45514.965,37246.965,35190.965,1246.966,2804.966,11936.966,35930.965,33240.965,41590.965,39812.965,31234.967,38854.965,34204.965,29884.967,33218.965,30542.967,30890.967,26742.967,25824.967,29350.967,29100.967,30864.967,31516.967,35496.965,35662.965,36404.965,39268.965,42734.965,43196.965,43368.965,43914.965,40856.965,42440.965,44734.965,45048.965,45354.965,45476.965,45588.965,45690.965,45974.965,46258.965,46540.965,46720.965,46904.965,47078.965,47120.965,50690.965,47548.965,49650.965,47348.965,50946.965,47254.965,47110.965,32418.967
43412.965,20572.967,14534.966,13978.966,7078.966,7352.966,44386.965,41160.965,35608.965,41262.965,1106.966,3302.966,3468.966,32362.967,35324.965,39972.965,42934.965,31732.967,38336.965,37996.965,37670.965,29756.967,30080.967,26060.967,25950.967,25816.967,29516.967,29380.967,29204.967,29062.967,27796.967,35832.965,37746.965,39252.965,42612.965,39842.965,43248.965,40412.965,43820.965,44114.965,44376.965,44638.965,44892.965,44986.965,45068.965,45152.965,45458.965,45760.965,46064.965,46320.965,46574.965,46810.965,44110.965,43608.965,46888.965,46838.965,50158.965,39972.965,38802.965,46402.965,46246.965
45214.965,46230.965,43006.965,11462.966,37268.965,6358.966,17714.967,39272.965,40564.965,40524.965,40478.965,8096.966,1398.966,1966.966,21752.967,21072.967,41598.965,38432.965,17934.967,29610.967,18298.967,21818.967,20120.967,29060.967,19232.967,25802.967,29678.967,29658.967,29512.967,26744.967,30066.967,35992.965,39276.965,35912.965,36058.965,39558.965,42846.965,40022.965,43144.965,39704.965,40854.965,44238.965,44442.965,44512.965,44574.965,44634.965,44952.965,45284.965,45614.965,45930.965,46244.965,45658.965,43656.965,46576.965,46580.965,44738.965,19396.967,25918.967,34552.965,34694.965,16520.967
42282.965,42370.965,42458.965,42552.965,13630.966,28062.967,6526.966,12368.966,39990.965,40164.965,34636.965,32398.967,39866.965,7248.966,312.96597,10070.966,28670.967,24850.967,30706.967,30428.967,18830.967,12220.966,14528.966,15556.966,16518.967,25734.967,25852.967,29712.967,30544.967,25260.967,36254.965,36400.965,36210.965,36186.965,37980.965,36404.965,37186.965,37896.965,36912.965,36990.965,40760.965,44012.965,44394.965,44486.965,44570.965,44662.965,44910.965,45150.965,45410.965,45706.965,46002.965,46306.965,48052.965,46232.965,46176.965,41796.965,14032.966,15900.966,17208.967,22582.967,41532.965
15900.966,17504.967,37394.965,42000.965,39198.965,22830.967,16482.967,8466.966,25472.967,39688.965,30782.967,30896.967,36312.965,4290.966,816.96594,1794.966,3544.966,36358.965,24936.967,21364.967,20732.967,14852.966,8764.966,9906.966,8090.966,7278.966,23806.967,29228.967,25648.967,26152.967,28210.967,34856.965,36222.965,36468.965,36528.965,36594.965,34198.965,36770.965,32242.967,35754.965,38604.965,40896.965,44338.965,44464.965,44580.965,44688.965,44860.965,44866.965,45202.965,45482.965,45772.965,46060.965,45982.965,42704.965,18552.967,12856.966,37640.965,16324.966,20948.967,18098.967,29062.967
44388.965,41310.965,17766.967,10786.966,38024.965,31838.967,19412.967,10646.966,4456.966,34256.965,31760.967,27648.967,30206.967,31838.967,4218.966,28362.967,7670.966,436.96597,22314.967,26334.967,19818.967,19674.967,5536.966,8788.966,9752.966,3652.966,5560.966,25434.967,22090.967,27696.967,31708.967,31990.967,32060.967,36386.965,36760.965,33252.965,32460.967,30330.967,31652.967,20492.967,37098.965,37348.965,44276.965,41198.965,44568.965,43174.965,41564.965,44898.965,44992.965,42004.965,45540.965,45978.965,45678.965,15036.966,11012.966,16944.967,30238.967,38522.965,27106.967,20750.967,26456.967
43946.965,34796.965,44640.965,7766.966,17806.967,36966.965,33842.965,11308.966,9262.966,5902.966,32294.967,27682.967,27700.967,27442.967,27322.967,20474.967,21396.967,7712.966,2184.966,18576.967,20010.967,19906.967,19786.967,790.96594,18410.967,3394.966,6326.966,6824.966,9912.966,27448.967,29198.967,28190.967,29812.967,29796.967,32650.967,29788.967,32636.967,29782.967,28132.967,29206.967,32290.967,32934.965,37474.965,41076.965,41202.965,41316.965,41610.965,44172.965,41574.965,42940.965,42252.965,45854.965,42428.965,24910.967,18916.967,26948.967,14756.966,39550.965,17964.967,26518.967,18908.967
19034.967,19542.967,25578.967,38738.965,15070.966,38110.965,26982.967,30822.967,13868.966,6038.966,8620.966,31752.967,27718.967,25216.967,31066.967,26574.967,17246.967,38874.965,3822.966,5196.966,13874.966,24614.967,20092.967,19632.967,332.96597,1538.966,2114.966,4572.966,10608.966,10414.966,15254.966,18868.967,29042.967,30014.967,29988.967,29964.967,29938.967,29928.967,32780.965,29906.967,32000.967,26846.967,4606.966,40942.965,43002.965,41156.965,41244.965,41326.965,41414.965,41814.965,45496.965,30354.967,45726.965,28834.967,25594.967,34526.965,43884.965,42194.965,17368.967,24298.967,27146.967
