frontend/src/assets/file/spot/vis.json
{"header": {"discipline":0,"disciplineName":"Meteorological products","gribEdition":2,"gribLength":130516,"center":98,"centerName":"European Center for Medium-Range Weather Forecasts (RSMC)","subcenter":0,"refTime":"2019-04-26T12:00:00.000Z","significanceOfRT":1,"significanceOfRTName":"Start of forecast","productStatus":0,"productStatusName":"Operational products","productType":1,"productTypeName":"Forecast products","productDefinitionTemplate":0,"productDefinitionTemplateName":"Analysis/forecast at horizontal level/layer at a point in time","parameterCategory":19,"parameterCategoryName":"Physical_atmospheric_properties","parameterNumber":0,"parameterNumberName":"Visibility","parameterUnit":"m","genProcessType":0,"genProcessTypeName":"Analysis","forecastTime":66,"surface1Type":1,"surface1TypeName":"Ground or water surface","surface1Value":-9.999E-252,"surface2Type":255,"surface2TypeName":"Missing","surface2Value":-9.999E-252,"gridDefinitionTemplate":0,"gridDefinitionTemplateName":"Latitude_Longitude","numberPoints":65160,"shape":6,"shapeName":"Earth spherical with radius of 6,371,229.0 m","gridUnits":"degrees","resolution":48,"winds":"true","scanMode":0,"nx":360,"ny":181,"basicAngle":0,"lo1":0.0,"la1":90.0,"lo2":359.0,"la2":-90.0,"dx":1.0,"dy":1.0}, "data":
[rows 108 to 134 of 181, columns 122 to 182 of 360]
53120.965,54684.965,54892.965,54912.965,55102.965,44280.965,11380.966,37744.965,50000.965,51418.965,50426.965,52072.965,53724.965,55450.965,56976.965,58546.965,60598.965,62418.965,63980.965,65606.97,66742.97,67784.97,57408.965,21488.967,2458.966,34138.965,46248.965,44942.965,43720.965,45506.965,44906.965,43390.965,43212.965,43028.965,42844.965,39478.965,14860.966,10064.966,14010.966,11232.966,8080.966,14434.966,8886.966,23396.967,38046.965,10986.966,9000.966,27144.967,18334.967,15422.966,21250.967,13516.966,11264.966,17352.967,14854.966,5816.966,12198.966,11576.966,13074.966,40724.965,4698.966
57512.965,56450.965,56142.965,56098.965,55934.965,54876.965,52740.965,51720.965,31922.967,51076.965,50670.965,53224.965,52158.965,54576.965,55614.965,56578.965,57718.965,59738.965,61852.965,63840.965,65336.965,66106.97,58822.965,55758.965,9062.966,25284.967,14384.966,48194.965,48828.965,48400.965,47986.965,46742.965,44234.965,44026.965,43820.965,43806.965,23642.967,15276.966,16276.966,19778.967,30042.967,43164.965,38194.965,15646.966,8566.966,43840.965,41186.965,7414.966,23094.967,13410.966,15000.966,13738.966,14596.966,9176.966,21008.967,26094.967,7770.966,9740.966,22248.967,33792.965,27170.967
58982.965,58582.965,57574.965,57328.965,56768.965,55988.965,55014.965,54160.965,53570.965,53738.965,54814.965,54426.965,53870.965,51344.965,51752.965,54806.965,55358.965,57028.965,59614.965,62074.965,63732.965,65102.965,65678.97,57766.965,55674.965,55146.965,54016.965,49578.965,15498.966,14018.966,46336.965,48648.965,48424.965,45064.965,44830.965,44724.965,41150.965,17900.967,5856.966,10250.966,13302.966,11420.966,39672.965,44654.965,45408.965,41474.965,5962.966,40580.965,35710.965,32946.965,14242.966,26814.967,19892.967,15680.966,8210.966,25368.967,22482.967,3478.966,11502.966,10516.966,20766.967
60114.965,60240.965,59290.965,58304.965,57354.965,56534.965,55808.965,55250.965,55924.965,56400.965,9070.966,55332.965,53940.965,50224.965,50694.965,50710.965,50690.965,55150.965,57244.965,60298.965,62196.965,63912.965,65690.97,59362.965,68154.97,60560.965,68740.97,5786.966,13754.966,49146.965,47878.965,49768.965,46406.965,46142.965,49020.965,45666.965,46064.965,45250.965,45194.965,41646.965,45094.965,45780.965,42986.965,41430.965,46290.965,45340.965,40950.965,40360.965,38774.965,36466.965,21554.967,21250.967,24430.967,11778.966,28672.967,28780.967,29004.967,9324.966,6680.966,14380.966,15428.966
60212.965,60238.965,59400.965,58558.965,57930.965,57246.965,56942.965,56578.965,57060.965,57642.965,58402.965,56340.965,54616.965,52906.965,52756.965,51320.965,52334.965,54224.965,56218.965,58480.965,60468.965,62670.965,64766.965,66274.97,60426.965,61440.965,60040.965,56164.965,52586.965,4974.966,10068.966,6978.966,31288.967,47104.965,46806.965,46534.965,44560.965,45992.965,49032.965,45696.965,45558.965,45870.965,48856.965,46526.965,43892.965,41548.965,44390.965,41016.965,39808.965,24904.967,21620.967,22280.967,10262.966,11198.966,7650.966,30860.967,16452.967,10632.966,8262.966,6228.966,11442.966
60230.965,59738.965,59240.965,58806.965,58170.965,58128.965,57940.965,57904.965,58746.965,59622.965,60522.965,57866.965,52980.965,53020.965,52854.965,52176.965,51360.965,53368.965,55210.965,57160.965,59362.965,61322.965,63940.965,65790.97,60554.965,69394.97,61258.965,64478.965,59938.965,52674.965,50660.965,5694.966,5538.966,43304.965,44338.965,43976.965,8366.966,43268.965,46506.965,42750.965,46014.965,45946.965,45880.965,45810.965,45576.965,44802.965,40770.965,43820.965,43354.965,38642.965,36556.965,6634.966,7274.966,9638.966,7824.966,13446.966,38484.965,29086.967,25074.967,30704.967,28662.967
60252.965,59662.965,59172.965,58924.965,58572.965,58788.965,59062.965,59286.965,60310.965,61074.965,62188.965,59304.965,56630.965,54472.965,53288.965,52050.965,50874.965,52478.965,54122.965,55910.965,57884.965,56012.965,63194.965,65308.965,66852.97,69316.97,68914.97,61494.965,70512.97,59512.965,53290.965,49940.965,49530.965,51870.965,51530.965,48348.965,47942.965,44054.965,36244.965,12760.966,5510.966,33158.965,45572.965,45136.965,47104.965,44526.965,44222.965,43802.965,45944.965,42976.965,39282.965,39110.965,38934.965,15190.966,4116.966,28388.967,18176.967,24198.967,33236.965,28666.967,14498.966
62490.965,62082.965,62056.965,61906.965,62046.965,62296.965,62146.965,61902.965,62596.965,63214.965,63318.965,60400.965,57938.965,55614.965,54164.965,52656.965,51322.965,52410.965,53776.965,55150.965,57264.965,59938.965,61952.965,64332.965,66394.97,68408.97,68040.97,69350.97,70144.97,63538.965,58566.965,54208.965,53352.965,52572.965,49678.965,51514.965,48270.965,50522.965,47384.965,47010.965,46284.965,6106.966,7398.966,10492.966,41666.965,15956.966,16440.967,44244.965,43774.965,43316.965,43118.965,42920.965,39204.965,38936.965,28954.967,8782.966,23058.967,25728.967,26710.967,21048.967,23586.967
65288.965,64900.965,65174.965,65726.97,65972.97,65856.97,65966.97,65594.97,64464.965,63928.965,63658.965,60880.965,58604.965,56658.965,54964.965,53216.965,51602.965,52510.965,53458.965,54424.965,56848.965,59408.965,62034.965,63900.965,66136.97,68188.97,68388.97,69078.97,69552.97,68714.97,56150.965,52594.965,54202.965,52964.965,51784.965,51556.965,51338.965,51118.965,50748.965,50370.965,46800.965,46444.965,46100.965,45762.965,39114.965,41856.965,42748.965,8124.966,21494.967,41428.965,43438.965,43216.965,42994.965,39242.965,39006.965,35034.965,29178.967,12790.966,22874.967,25842.967,24920.967
67756.97,67834.97,68670.97,69502.97,70452.97,70190.97,70162.97,70098.97,67856.97,66164.97,64458.965,61800.965,59664.965,57754.965,55710.965,53746.965,51888.965,52464.965,53138.965,53708.965,56258.965,58754.965,61698.965,63694.965,65808.97,67948.97,68278.97,68868.97,69118.97,68692.97,58448.965,54184.965,55056.965,53348.965,51756.965,50632.965,51792.965,51312.965,50922.965,50532.965,48040.965,49864.965,48214.965,46078.965,45962.965,45846.965,45726.965,45144.965,44574.965,40478.965,40226.965,39234.965,43270.965,43074.965,39350.965,21912.967,15724.966,36360.965,25534.967,24158.967,31480.967
68036.97,68076.97,68334.97,68200.97,68138.97,68174.97,68042.97,68290.97,66444.97,65002.965,63508.965,62080.965,60636.965,59578.965,57818.965,51004.965,54516.965,54770.965,55306.965,55670.965,57950.965,60000.965,62578.965,58654.965,59890.965,67518.97,68006.97,68714.97,69296.97,68540.97,57312.965,8486.966,52460.965,50932.965,49574.965,48368.965,40218.965,51058.965,50732.965,47868.965,50082.965,49284.965,46552.965,46384.965,46258.965,46132.965,46000.965,45920.965,45104.965,47270.965,44420.965,44184.965,11640.966,43782.965,40082.965,39920.965,29292.967,20672.967,27428.967,17214.967,31676.967
68276.97,68388.97,67480.97,66972.97,66322.97,66396.97,66344.97,66354.97,65172.965,63816.965,62692.965,62208.965,61728.965,61234.965,59824.965,55174.965,57460.965,57616.965,57848.965,57704.965,54942.965,56676.965,58002.965,64502.965,65704.97,67120.97,67802.97,68548.97,69328.97,68308.97,28116.967,52196.965,55512.965,53436.965,51474.965,48676.965,47938.965,26974.967,33132.965,43932.965,46814.965,40892.965,46738.965,46690.965,42698.965,12092.966,32892.965,45950.965,45632.965,45322.965,45094.965,44320.965,44650.965,34948.965,44386.965,44264.965,40652.965,7330.966,23970.967,9010.966,23682.967
68536.97,68592.97,67104.97,65792.97,64256.965,64342.965,64536.965,64754.965,63792.965,62728.965,61642.965,62162.965,62508.965,63034.965,62204.965,61342.965,60288.965,60084.965,60412.965,60114.965,60662.965,57584.965,58662.965,59038.965,65612.97,66466.97,67564.97,68456.97,68846.97,67994.97,50582.965,55868.965,44672.965,39166.965,47492.965,48008.965,47728.965,47450.965,41984.965,15602.966,43296.965,43350.965,40756.965,43472.965,19924.967,43150.965,13478.966,25382.967,5062.966,8740.966,40338.965,45570.965,41806.965,41708.965,26212.967,41514.965,41496.965,18656.967,30308.967,11210.966,5312.966
67524.97,67576.97,66576.97,65430.965,64288.965,64238.965,64272.965,64288.965,63670.965,63100.965,62488.965,62888.965,63416.965,63988.965,63418.965,62928.965,59352.965,61596.965,58032.965,62124.965,62938.965,58406.965,59172.965,65560.97,65982.97,66948.97,67524.97,67932.97,68294.97,67464.97,55496.965,53756.965,53510.965,44420.965,47750.965,41044.965,39842.965,11012.966,5984.966,4294.966,46738.965,46836.965,46938.965,47034.965,10706.966,9164.966,7462.966,6678.966,4526.966,17240.967,14436.966,5590.966,46200.965,46076.965,42378.965,10194.966,23578.967,42144.965,29040.967,5878.966,7602.966
66686.97,66524.97,66020.97,65168.965,64396.965,64378.965,64276.965,59778.965,57028.965,57160.965,63070.965,63754.965,64356.965,64750.965,61582.965,64612.965,64226.965,63720.965,63890.965,63898.965,64590.965,59404.965,59728.965,59872.965,66522.97,67424.97,67624.97,67122.97,59996.965,61458.965,53142.965,52968.965,50386.965,48746.965,42166.965,44018.965,43704.965,47026.965,46922.965,46814.965,49862.965,49998.965,50140.965,50278.965,47032.965,46984.965,46932.965,46948.965,21000.967,6316.966,11048.966,17866.967,43154.965,45540.965,46736.965,42996.965,9270.966,42818.965,42736.965,26678.967,19100.967
65810.97,65806.97,65378.965,64984.965,55676.965,55232.965,54876.965,54530.965,54630.965,54746.965,54890.965,53958.965,55044.965,66048.97,65996.97,66112.97,64836.965,65240.965,66216.97,66328.97,66466.97,60268.965,60168.965,60548.965,67430.97,67842.97,67410.97,64572.965,57442.965,53716.965,55082.965,50670.965,21898.967,44666.965,19666.967,46730.965,46774.965,47052.965,49888.965,52948.965,46660.965,49974.965,50140.965,50304.965,50326.965,50336.965,50354.965,47250.965,47370.965,47488.965,47632.965,47778.965,13282.966,5638.966,39546.965,43758.965,42022.965,9584.966,43388.965,42982.965,30586.967
12486.966,17218.967,52500.965,54128.965,52542.965,51274.965,51134.965,48506.965,51158.965,51344.965,51548.965,52446.965,50932.965,54318.965,65642.97,53238.965,65974.97,58146.965,66050.97,66008.97,66132.97,66170.97,59386.965,59770.965,60044.965,67084.97,66898.97,59064.965,50284.965,53424.965,54366.965,34692.965,48702.965,47616.965,49626.965,51758.965,52910.965,49662.965,49978.965,49516.965,50020.965,51060.965,49344.965,50014.965,50144.965,50274.965,50402.965,50120.965,47584.965,47780.965,48112.965,48446.965,48770.965,48652.965,9610.966,16996.967,44500.965,29424.967,25992.967,43498.965,39442.965
47494.965,32454.967,23136.967,49688.965,49428.965,49442.965,49140.965,46896.965,47128.965,47364.965,47616.965,48400.965,49202.965,51626.965,51928.965,52290.965,54028.965,64956.965,65558.97,65518.965,62914.965,65864.97,61178.965,58992.965,59378.965,59734.965,66390.97,65584.97,53950.965,52952.965,50942.965,49070.965,48894.965,47308.965,49526.965,52726.965,49444.965,49408.965,49908.965,52342.965,50192.965,49298.965,49512.965,49726.965,49968.965,50212.965,50456.965,50726.965,51002.965,51290.965,51798.965,52308.965,50186.965,49602.965,49558.965,33742.965,12944.966,44852.965,15386.966,28196.967,43686.965
45892.965,44906.965,44680.965,16722.967,47592.965,44964.965,45170.965,45388.965,45674.965,45948.965,46242.965,46896.965,43812.965,48278.965,48838.965,55710.965,54764.965,54974.965,65262.965,64922.965,65228.965,65388.965,65624.97,62802.965,60156.965,58856.965,56110.965,53892.965,53804.965,52286.965,50228.965,48340.965,47654.965,50014.965,49428.965,52608.965,49256.965,49168.965,49030.965,48888.965,48754.965,48976.965,49212.965,49452.965,49796.965,50144.965,50494.965,50836.965,51186.965,51548.965,52236.965,52946.965,50418.965,53744.965,53792.965,50628.965,2150.966,49104.965,44796.965,9776.966,41046.965
46302.965,43900.965,20016.967,2854.966,13684.966,43628.965,43820.965,44020.965,44306.965,44598.965,44902.965,41568.965,42120.965,43026.965,47096.965,47618.965,50930.965,47302.965,56464.965,64860.965,56088.965,58882.965,56506.965,57040.965,56858.965,50270.965,54112.965,53282.965,50610.965,50710.965,49222.965,50782.965,47328.965,49874.965,49436.965,49352.965,52592.965,49186.965,51374.965,48898.965,48758.965,52308.965,49066.965,49228.965,49538.965,49848.965,50164.965,50496.965,50832.965,51188.965,52136.965,53140.965,54148.965,13976.966,41034.965,51816.965,9706.966,1710.966,45262.965,32830.965,26358.967
44980.965,45070.965,42214.965,1522.966,4048.966,37746.965,42560.965,42738.965,43028.965,39540.965,39692.965,40130.965,40572.965,41026.965,45138.965,45666.965,49218.965,46760.965,49972.965,55290.965,55350.965,55620.965,55072.965,53248.965,53784.965,57258.965,48578.965,45624.965,47062.965,49226.965,51168.965,47354.965,50022.965,49730.965,49442.965,49360.965,49286.965,49202.965,52266.965,48906.965,49302.965,48838.965,48920.965,49172.965,49274.965,49550.965,49830.965,50148.965,50470.965,50822.965,52020.965,40314.965,30680.967,14584.966,17732.967,42240.965,3402.966,45220.965,21544.967,39382.965,17022.967
43738.965,40670.965,41842.965,40962.965,948.96594,41240.965,41374.965,41542.965,41834.965,42144.965,38446.965,38798.965,39148.965,39366.965,43942.965,41020.965,43726.965,45268.965,47704.965,49054.965,49500.965,49136.965,47284.965,42170.965,47166.965,50872.965,46962.965,46060.965,45190.965,47850.965,49504.965,46884.965,49736.965,49586.965,49434.965,49364.965,52640.965,52594.965,52450.965,48912.965,48756.965,48768.965,52188.965,52200.965,49022.965,49266.965,49512.965,49822.965,51076.965,50374.965,48736.965,49478.965,26510.967,33410.965,7278.966,47698.965,55092.965,2436.966,4450.966,45854.965,25132.967
40960.965,39626.965,39764.965,39902.965,40050.965,1336.966,3648.966,40282.965,40758.965,36994.965,37308.965,37656.965,37490.965,37728.965,42354.965,43194.965,43548.965,43838.965,44122.965,47490.965,47590.965,48310.965,45470.965,46118.965,46580.965,50052.965,46386.965,48628.965,47954.965,47544.965,47140.965,46754.965,49662.965,48788.965,47276.965,49304.965,49162.965,49020.965,52284.965,48782.965,48664.965,48660.965,49338.965,48652.965,51402.965,49390.965,49780.965,50648.965,51568.965,27400.967,17566.967,37940.965,53064.965,6976.966,13112.966,53528.965,54760.965,2468.966,1444.966,45710.965,37044.965
23354.967,37410.965,33310.965,38902.965,39042.965,3968.966,3828.966,39456.965,39738.965,35928.965,36240.965,36592.965,34260.965,33014.965,31012.967,37848.965,42312.965,24314.967,42686.965,42868.965,44114.965,43634.965,47166.965,26412.967,48510.965,46104.965,48336.965,44952.965,46690.965,47258.965,49108.965,49660.965,47374.965,46446.965,49454.965,49242.965,48566.965,48818.965,48732.965,48648.965,48568.965,48554.965,49472.965,50586.965,49012.965,49518.965,50984.965,49724.965,49928.965,9526.966,41782.965,52692.965,32132.967,2916.966,13592.966,52058.965,49550.965,6442.966,722.96594,18760.967,34732.965
14242.966,18326.967,24390.967,36632.965,28642.967,19898.967,1292.966,4136.966,33434.965,34930.965,35240.965,32742.967,30356.967,31994.967,27074.967,27042.967,18536.967,41250.965,41346.965,15510.966,41628.965,42144.965,37104.965,32760.967,23052.967,41932.965,51422.965,47612.965,47208.965,46972.965,46728.965,46486.965,46440.965,46400.965,46348.965,49168.965,48886.965,48612.965,48562.965,48514.965,48466.965,48442.965,48414.965,48576.965,49016.965,47070.965,50336.965,49232.965,48292.965,54058.965,17842.967,10118.966,1628.966,4076.966,8232.966,38958.965,16306.966,42130.965,562.96594,4974.966,39538.965
22718.967,17482.967,6486.966,25790.967,21134.967,9784.966,1252.966,1460.966,32916.965,34128.965,34362.965,31908.967,31888.967,32884.965,33062.965,29768.967,14344.966,36172.965,36256.965,17890.967,30776.967,36692.965,35480.965,30962.967,41916.965,45612.965,44884.965,46080.965,45842.965,45822.965,45216.965,45780.965,45840.965,48464.965,47770.965,45752.965,48668.965,48458.965,48376.965,48290.965,48200.965,48244.965,51702.965,51282.965,49574.965,51540.965,52306.965,53968.965,59044.965,37222.965,5052.966,5480.966,2558.966,1176.966,3756.966,16082.966,18624.967,14572.966,906.96594,6906.966,38898.965
20590.967,36888.965,10670.966,20764.967,20210.967,22820.967,1684.966,1224.966,5554.966,15974.966,30762.967,31080.967,30964.967,28104.967,32226.967,33904.965,32426.967,30932.967,35452.965,35536.965,17032.967,35822.965,40536.965,36268.965,34562.965,44850.965,41478.965,41358.965,41244.965,41392.965,36674.965,45090.965,43218.965,45426.965,45588.965,47616.965,44142.965,48312.965,48188.965,48058.965,47942.965,48040.965,48140.965,50332.965,49676.965,50566.965,57754.965,52492.965,39054.965,16320.966,31318.967,53168.965,4434.966,1188.966,1002.96594,3372.966,23772.967,2706.966,1468.966,18338.967,44852.965
