frontend/src/assets/file/spot/vis.json
{"header": {"discipline":0,"disciplineName":"Meteorological products","gribEdition":2,"gribLength":130516,"center":98,"centerName":"European Center for Medium-Range Weather Forecasts (RSMC)","subcenter":0,"refTime":"2019-04-26T12:00:00.000Z","significanceOfRT":1,"significanceOfRTName":"Start of forecast","productStatus":0,"productStatusName":"Operational products","productType":1,"productTypeName":"Forecast products","productDefinitionTemplate":0,"productDefinitionTemplateName":"Analysis/forecast at horizontal level/layer at a point in time","parameterCategory":19,"parameterCategoryName":"Physical_atmospheric_properties","parameterNumber":0,"parameterNumberName":"Visibility","parameterUnit":"m","genProcessType":0,"genProcessTypeName":"Analysis","forecastTime":66,"surface1Type":1,"surface1TypeName":"Ground or water surface","surface1Value":-9.999E-252,"surface2Type":255,"surface2TypeName":"Missing","surface2Value":-9.999E-252,"gridDefinitionTemplate":0,"gridDefinitionTemplateName":"Latitude_Longitude","numberPoints":65160,"shape":6,"shapeName":"Earth spherical with radius of 6,371,229.0 m","gridUnits":"degrees","resolution":48,"winds":"true","scanMode":0,"nx":360,"ny":181,"basicAngle":0,"lo1":0.0,"la1":90.0,"lo2":359.0,"la2":-90.0,"dx":1.0,"dy":1.0}, "data":
[rows 81 to 107 of 181, columns 61 to 121 of 360]
32682.967,31424.967,31368.967,30496.967,30294.967,30174.967,29508.967,28874.967,27012.967,26480.967,26386.967,25470.967,8850.966,20336.967,23902.967,21752.967,13508.966,29660.967,25890.967,27330.967,30318.967,27004.967,1400.966,1540.966,2132.966,1622.966,2604.966,2750.966,2812.966,6302.966,3958.966,3438.966,14324.966,9252.966,33738.965,30990.967,25462.967,31554.967,34628.965,29974.967,26330.967,15558.966,12790.966,25668.967,6410.966,22310.967,19228.967,33706.965,30752.967,25162.967,29464.967,36214.965,36250.965,23602.967,12498.966,20176.967,34888.965,11948.966,23436.967,6414.966,30438.967
33884.965,32836.965,32948.965,33678.965,32978.965,31322.967,31706.967,31136.967,30588.967,28748.967,6488.966,7328.966,20040.967,22054.967,18698.967,24124.967,7838.966,24864.967,24900.967,19660.967,32316.967,31304.967,4566.966,25724.967,1020.96594,2698.966,2460.966,2530.966,2396.966,4404.966,2420.966,4578.966,15870.966,6968.966,34878.965,27326.967,15238.966,3530.966,33546.965,35482.965,30660.967,28558.967,18592.967,26306.967,27726.967,9052.966,11788.966,33232.965,33834.965,26030.967,15342.966,24004.967,35830.965,36642.965,32684.967,13058.966,10052.966,14032.966,15468.966,15854.966,26140.967
35248.965,34982.965,36272.965,35766.965,32762.967,34786.965,34294.965,33814.965,31834.967,31478.967,10168.966,6914.966,19342.967,9590.966,9864.966,4936.966,8108.966,10410.966,8214.966,4470.966,21166.967,33404.965,33668.965,3356.966,2552.966,1484.966,1520.966,2368.966,5290.966,2638.966,4166.966,2380.966,5986.966,24198.967,35980.965,29786.967,14098.966,33294.965,32466.967,1822.966,32020.967,29192.967,10204.966,22766.967,34406.965,14468.966,23182.967,13740.966,12552.966,13320.966,38690.965,8240.966,14956.966,36836.965,31022.967,30142.967,30562.967,35778.965,13992.966,5282.966,8306.966
37134.965,38584.965,37366.965,38134.965,37910.965,37688.965,37340.965,37000.965,36672.965,18810.967,14880.966,33888.965,9810.966,23354.967,11698.966,2844.966,3634.966,7234.966,3850.966,5952.966,5988.966,7650.966,32460.967,30160.967,4950.966,5710.966,2848.966,10360.966,5544.966,2492.966,15360.966,3208.966,5762.966,15382.966,37436.965,36146.965,35570.965,14678.966,29212.967,32794.965,2600.966,31194.967,25648.967,35444.965,39190.965,19006.967,26170.967,15162.966,3360.966,19478.967,19418.967,9236.966,10318.966,36156.965,37300.965,37236.965,7036.966,35482.965,14266.966,9428.966,12530.966
40810.965,40664.965,40522.965,40404.965,40286.965,40170.965,39936.965,39708.965,39482.965,38836.965,36588.965,31498.967,21532.967,37008.965,17646.967,11972.966,10908.966,25176.967,13256.966,4714.966,6078.966,10908.966,12364.966,5424.966,4234.966,7980.966,4882.966,2726.966,9312.966,5926.966,24684.967,4950.966,6930.966,25782.967,35544.965,38034.965,16104.966,27382.967,15794.966,16630.967,34116.965,37144.965,4576.966,10558.966,37666.965,27740.967,28472.967,22296.967,20676.967,28848.967,39098.965,40052.965,9626.966,36550.965,41488.965,40322.965,42850.965,8930.966,8252.966,12828.966,13296.966
43022.965,42980.965,42942.965,25758.967,42980.965,36860.965,42912.965,42830.965,42748.965,42610.965,42478.965,22652.967,14154.966,5060.966,2606.966,6298.966,13174.966,3778.966,2446.966,2378.966,5772.966,6790.966,13728.966,12126.966,25902.967,4916.966,10140.966,15932.966,12578.966,9232.966,5982.966,8350.966,44226.965,12126.966,39124.965,37786.965,25074.967,6814.966,10632.966,9764.966,8814.966,21488.967,6250.966,34560.965,38656.965,39838.965,26844.967,44100.965,42142.965,31498.967,39760.965,41010.965,40800.965,42822.965,39362.965,8422.966,22304.967,40260.965,18486.967,3970.966,10926.966
45730.965,45572.965,43982.965,45850.965,46044.965,46228.965,45588.965,46462.965,46580.965,46482.965,13826.966,14746.966,22346.967,38732.965,12236.966,7310.966,14880.966,45830.965,6872.966,5472.966,4448.966,5548.966,17532.967,43296.965,8622.966,6870.966,10192.966,20400.967,16254.966,15818.966,3262.966,37612.965,44256.965,23402.967,16084.966,41486.965,36984.965,24074.967,2878.966,6290.966,21276.967,6890.966,8208.966,36196.965,39590.965,40618.965,42832.965,44018.965,43596.965,42760.965,41792.965,43838.965,46284.965,45928.965,37608.965,44408.965,47636.965,45680.965,43222.965,3078.966,2956.966
31940.967,47436.965,47544.965,47724.965,47900.965,20148.967,48180.965,10006.966,23662.967,29620.967,12834.966,24590.967,45642.965,45510.965,45392.965,45338.965,45276.965,45226.965,45164.965,45102.965,45046.965,17458.967,7470.966,21876.967,11380.966,15656.966,12728.966,40620.965,18344.967,11594.966,18214.967,29542.967,20042.967,40498.965,38466.965,44174.965,41714.965,37174.965,3998.966,36618.965,7324.966,30376.967,28822.967,25406.967,20658.967,21694.967,43164.965,42300.965,46528.965,43586.965,42892.965,47656.965,48196.965,45608.965,47934.965,43868.965,50376.965,30660.967,1964.966,1118.966,720.96594
49328.965,49452.965,49578.965,49736.965,23716.967,12650.966,50142.965,15868.966,31954.967,21046.967,47712.965,47668.965,47604.965,47538.965,47474.965,46210.965,25052.967,20238.967,19338.967,11554.966,25614.967,10258.966,43112.965,37800.965,18908.967,24924.967,22988.967,48810.965,27738.967,29730.967,16832.967,14754.966,19814.967,49124.965,34984.965,44028.965,33560.965,19176.967,39562.965,11926.966,8306.966,35284.965,24062.967,33110.965,40648.965,42044.965,43502.965,45060.965,45050.965,44950.965,46410.965,48794.965,42292.965,51750.965,48700.965,49856.965,49244.965,8192.966,1294.966,1388.966,470.96597
51464.965,49070.965,50998.965,12642.966,16278.966,10858.966,18744.967,49618.965,11060.966,15608.966,25260.967,22096.967,19742.967,47712.965,21180.967,21616.967,16436.967,28012.967,28204.967,29538.967,7284.966,19536.967,22588.967,19994.967,16340.966,12416.966,18240.967,23288.967,18500.967,51466.965,14868.966,51392.965,51220.965,51116.965,50020.965,47460.965,41748.965,24878.967,41282.965,41802.965,36904.965,35828.965,32314.967,37516.965,41118.965,39566.965,41482.965,42718.965,47572.965,49522.965,49426.965,49144.965,50464.965,53616.965,51262.965,50952.965,3692.966,34590.965,8294.966,1322.966,2470.966
52252.965,52410.965,18558.967,14566.966,10936.966,13122.966,20340.967,36714.965,41884.965,50296.965,8960.966,17580.967,17728.967,6484.966,10146.966,16062.966,11186.966,8518.966,4446.966,28328.967,42580.965,48532.965,49994.965,50252.965,23922.967,26518.967,28958.967,39612.965,40234.965,28890.967,40452.965,47120.965,50898.965,50548.965,50452.965,50024.965,47914.965,46328.965,25976.967,40780.965,42090.965,38028.965,37754.965,36162.965,20382.967,30466.967,41658.965,21096.967,18670.967,47946.965,46808.965,49448.965,44052.965,39596.965,12896.966,48314.965,2456.966,46974.965,41778.965,2252.966,13076.966
18858.967,17450.967,10098.966,15706.966,13184.966,13040.966,20556.967,20862.967,16832.967,14002.966,50894.965,28844.967,12868.966,12330.966,11576.966,11298.966,5918.966,21732.967,36786.965,13470.966,16336.966,38488.965,10968.966,39486.965,49706.965,51116.965,50828.965,17004.967,30080.967,47148.965,22086.967,51186.965,44942.965,50602.965,49046.965,49804.965,48130.965,47148.965,45994.965,43654.965,42452.965,39588.965,38996.965,38710.965,33192.965,22976.967,14862.966,12134.966,2672.966,21352.967,40204.965,46470.965,45200.965,4234.966,46634.965,4198.966,17702.967,42786.965,5800.966,3220.966,1890.966
21828.967,17376.967,3866.966,50408.965,48152.965,23458.967,19298.967,51512.965,38682.965,8714.966,37720.965,20208.967,10226.966,10280.966,10714.966,9416.966,7760.966,22062.967,14370.966,34314.965,41970.965,13772.966,21834.967,13164.966,13616.966,14950.966,51726.965,48520.965,30110.967,33366.965,30370.967,36986.965,46292.965,49584.965,38724.965,31504.967,48770.965,47982.965,47192.965,44828.965,42464.965,6772.966,40192.965,37870.965,31080.967,3542.966,11322.966,35414.965,33710.965,12294.966,2874.966,6130.966,3462.966,2402.966,3054.966,2970.966,2262.966,4916.966,8760.966,1258.966,722.96594
8750.966,27218.967,14002.966,18130.967,5386.966,6050.966,11152.966,25918.967,33448.965,14252.966,14228.966,4660.966,16558.967,14156.966,21096.967,11632.966,22372.967,34768.965,49106.965,49244.965,49390.965,49676.965,49960.965,50250.965,50396.965,20022.967,11310.966,12674.966,25018.967,19316.967,50198.965,49722.965,42064.965,27516.967,17840.967,26962.967,35936.965,36800.965,46040.965,37778.965,43044.965,36960.965,8728.966,35660.965,11448.966,28012.967,33204.965,36152.965,33088.965,6998.966,37052.965,7706.966,5578.966,5734.966,1946.966,3060.966,5068.966,1538.966,1252.966,2742.966,3188.966
17578.967,39982.965,51094.965,15664.966,12410.966,20190.967,47398.965,12560.966,18434.967,16450.967,15858.966,4488.966,26298.967,10298.966,20430.967,24648.967,48268.965,51410.965,48112.965,51486.965,51530.965,48512.965,46414.965,52370.965,49294.965,50902.965,49642.965,22382.967,27144.967,17088.967,13962.966,47848.965,18920.967,38812.965,36810.965,27182.967,35770.965,13120.966,12144.966,43366.965,26500.967,15930.966,14376.966,6730.966,14620.966,6086.966,21444.967,10306.966,8938.966,3822.966,25554.967,6752.966,7124.966,4864.966,9804.966,3182.966,2108.966,3284.966,2272.966,1188.966,2730.966
20174.967,11786.966,11240.966,12762.966,10384.966,39426.965,42146.965,17180.967,13780.966,20174.967,3804.966,14446.966,3848.966,20206.967,18402.967,51004.965,50786.965,50574.965,50526.965,50480.965,47880.965,47402.965,47714.965,48030.965,48234.965,48440.965,48646.965,48578.965,47940.965,27836.967,15372.966,28804.967,22816.967,19968.967,12342.966,13408.966,21486.967,31240.967,43584.965,18482.967,8990.966,7244.966,9772.966,14460.966,29762.967,14340.966,13564.966,9324.966,1410.966,10400.966,4532.966,6854.966,12768.966,6342.966,4550.966,992.96594,2796.966,2140.966,4636.966,788.96594,3218.966
19128.967,8722.966,13602.966,7588.966,18274.967,18306.967,15604.966,16400.967,31396.967,3788.966,47268.965,20560.967,11564.966,19514.967,49614.965,49354.965,49094.965,48838.965,48722.965,45244.965,45154.965,38102.965,44218.965,22884.967,29792.967,36008.965,36558.965,43412.965,46398.965,46378.965,16644.967,14288.966,12674.966,19848.967,29996.967,22574.967,12876.966,44124.965,30600.967,19340.967,19286.967,20372.967,18518.967,13252.966,21308.967,31644.967,2642.966,1262.966,3306.966,3356.966,1940.966,5800.966,6814.966,3042.966,9656.966,3396.966,3988.966,6408.966,51198.965,51342.965,27700.967
49242.965,27588.967,8658.966,19772.967,23134.967,15484.966,13068.966,11536.966,46292.965,31220.967,20578.967,28132.967,23104.967,48394.965,48100.965,47804.965,47504.965,46190.965,43944.965,43506.965,35404.965,35968.965,38050.965,38222.965,31862.967,32600.967,27410.967,28758.967,25980.967,44218.965,18266.967,18022.967,17786.967,12248.966,11048.966,19752.967,17138.967,19280.967,14244.966,12212.966,18008.967,33870.965,36670.965,35654.965,27692.967,23776.967,32412.967,33596.965,22922.967,30504.967,2550.966,17718.967,200.96596,3082.966,3152.966,5816.966,3818.966,3582.966,6940.966,50420.965,52094.965
29520.967,15422.966,21148.967,13286.966,25234.967,13304.966,16648.967,11532.966,7178.966,17576.967,10412.966,26578.967,47286.965,46982.965,46680.965,46350.965,46020.965,45702.965,42102.965,18080.967,29922.967,29772.967,18874.967,28240.967,19754.967,19742.967,21346.967,17204.967,11440.966,9680.966,34308.965,14872.966,6648.966,5216.966,16194.966,4356.966,3734.966,14110.966,16166.966,19368.967,28624.967,40012.965,38108.965,27336.967,15414.966,15592.966,20738.967,37272.965,36366.965,8028.966,38050.965,35224.965,29754.967,12168.966,8642.966,8446.966,3178.966,4436.966,5180.966,6006.966,1464.966
10404.966,21690.967,18186.967,16116.966,12932.966,15878.966,5676.966,10218.966,16728.967,25272.967,18864.967,16164.966,21738.967,45628.965,45330.965,45018.965,44706.965,41014.965,40838.965,32174.967,25746.967,29342.967,26822.967,13466.966,23766.967,16768.967,22992.967,13506.966,18548.967,8222.966,39550.965,5788.966,4224.966,6170.966,4858.966,8524.966,9724.966,15956.966,7836.966,15280.966,11742.966,19652.967,12604.966,17696.967,16460.967,41268.965,40534.965,12682.966,20516.967,16140.966,9790.966,6942.966,11038.966,14554.966,9894.966,17644.967,48630.965,38890.965,46550.965,9308.966,11506.966
14964.966,34778.965,16246.966,4858.966,12226.966,10412.966,2966.966,4890.966,16308.966,27304.967,31782.967,23250.967,21374.967,44356.965,44060.965,43766.965,40082.965,39484.965,39658.965,19762.967,23528.967,20546.967,8736.966,25812.967,12608.966,11204.966,23046.967,29902.967,29920.967,9686.966,9984.966,7808.966,4884.966,6520.966,6954.966,3708.966,7530.966,15644.966,6056.966,5790.966,5764.966,14126.966,10612.966,20706.967,20044.967,31714.967,22560.967,20894.967,8168.966,10766.966,6306.966,6776.966,2042.966,17672.967,12170.966,50302.965,5740.966,21804.967,47698.965,5046.966,40860.965
19426.967,10806.966,12370.966,11384.966,20432.967,9516.966,8396.966,15474.966,37168.965,39846.965,40110.965,31778.967,21326.967,30394.967,42868.965,42592.965,42312.965,16342.966,31292.967,38416.965,10450.966,9284.966,15908.966,16728.967,21708.967,16334.966,21646.967,25252.967,11096.966,13022.966,30588.967,32326.967,12292.966,15920.966,12256.966,6274.966,10524.966,8768.966,7950.966,3800.966,8792.966,20804.967,19096.967,8056.966,13392.966,21652.967,9000.966,7036.966,18562.967,28150.967,14898.966,21026.967,9196.966,6664.966,5362.966,50504.965,44102.965,44350.965,47024.965,49282.965,49068.965
8906.966,5432.966,5620.966,9838.966,11980.966,13692.966,5384.966,40526.965,40366.965,39746.965,28648.967,20792.967,23234.967,23654.967,36238.965,41812.965,41572.965,41334.965,39376.965,41064.965,37634.965,37526.965,31202.967,40536.965,32940.965,35972.965,16640.967,23178.967,18090.967,11382.966,20026.967,30178.967,9044.966,7126.966,15024.966,17162.967,4956.966,21112.967,17988.967,11404.966,6680.966,7936.966,11544.966,42892.965,23588.967,23436.967,17040.967,28002.967,24724.967,39380.965,26044.967,15060.966,13616.966,20010.967,48862.965,49882.965,51980.965,52126.965,52266.965,52408.965,26818.967
9934.966,7318.966,5162.966,3188.966,2456.966,16640.967,38834.965,39614.965,39480.965,39290.965,38384.965,26652.967,24538.967,38378.965,28834.967,41072.965,40862.965,38398.965,29608.967,40426.965,38550.965,34994.965,21868.967,27058.967,31188.967,36282.965,31600.967,26300.967,24656.967,10122.966,8204.966,12894.966,7452.966,6272.966,6930.966,5112.966,16372.966,11638.966,12752.966,23008.967,16180.966,14506.966,11204.966,14308.966,7976.966,17480.967,21422.967,18718.967,15910.966,29096.967,5608.966,46784.965,46802.965,49922.965,50832.965,51812.965,52694.965,53410.965,46030.965,53724.965,53374.965
20182.967,16044.966,3206.966,15398.966,39116.965,42032.965,42354.965,42240.965,42118.965,26462.967,34260.965,19448.967,14952.966,24814.967,20018.967,40368.965,40184.965,40004.965,39910.965,39818.965,36440.965,28380.967,19264.967,35970.965,35818.965,34998.965,35520.965,13146.966,13746.966,17358.967,8858.966,3234.966,4542.966,3400.966,6948.966,11926.966,6208.966,7056.966,38674.965,41642.965,40020.965,32320.967,17002.967,10572.966,25502.967,44110.965,17978.967,20498.967,34822.965,47470.965,48926.965,49816.965,52266.965,53160.965,52178.965,54098.965,54570.965,54750.965,54920.965,55092.965,54656.965
26918.967,12046.966,14638.966,39512.965,42844.965,42652.965,42528.965,42400.965,42276.965,23856.967,31272.967,20360.967,24856.967,25920.967,40952.965,40794.965,39500.965,37120.965,40364.965,40250.965,36430.965,35822.965,11000.966,34612.965,36318.965,33238.965,35732.965,36072.965,35542.965,15682.966,6316.966,4926.966,5136.966,3154.966,10998.966,8154.966,12852.966,38898.965,41934.965,40918.965,42804.965,43254.965,43970.965,42510.965,23986.967,46310.965,46968.965,46224.965,47224.965,48268.965,49352.965,50258.965,51194.965,52164.965,52632.965,54422.965,54744.965,54866.965,55116.965,55226.965,54536.965
13840.966,11990.966,40002.965,43310.965,43072.965,42844.965,42706.965,45814.965,42440.965,17770.967,14682.966,28134.967,15006.966,19654.967,21412.967,40570.965,41106.965,40978.965,37464.965,40694.965,40554.965,17768.967,26684.967,18700.967,36842.965,36788.965,36728.965,36608.965,36594.965,35558.965,8248.966,2470.966,2048.966,5766.966,4174.966,14122.966,38884.965,39314.965,42404.965,42778.965,43158.965,43536.965,44206.965,42672.965,43496.965,44476.965,45498.965,46568.965,47594.965,48662.965,43246.965,43766.965,50990.965,52650.965,53092.965,53536.965,53982.965,54088.965,55306.965,55356.965,54402.965
