frontend/src/assets/file/spot/vis.json
{"header": {"discipline":0,"disciplineName":"Meteorological products","gribEdition":2,"gribLength":130516,"center":98,"centerName":"European Center for Medium-Range Weather Forecasts (RSMC)","subcenter":0,"refTime":"2019-04-26T12:00:00.000Z","significanceOfRT":1,"significanceOfRTName":"Start of forecast","productStatus":0,"productStatusName":"Operational products","productType":1,"productTypeName":"Forecast products","productDefinitionTemplate":0,"productDefinitionTemplateName":"Analysis/forecast at horizontal level/layer at a point in time","parameterCategory":19,"parameterCategoryName":"Physical_atmospheric_properties","parameterNumber":0,"parameterNumberName":"Visibility","parameterUnit":"m","genProcessType":0,"genProcessTypeName":"Analysis","forecastTime":66,"surface1Type":1,"surface1TypeName":"Ground or water surface","surface1Value":-9.999E-252,"surface2Type":255,"surface2TypeName":"Missing","surface2Value":-9.999E-252,"gridDefinitionTemplate":0,"gridDefinitionTemplateName":"Latitude_Longitude","numberPoints":65160,"shape":6,"shapeName":"Earth spherical with radius of 6,371,229.0 m","gridUnits":"degrees","resolution":48,"winds":"true","scanMode":0,"nx":360,"ny":181,"basicAngle":0,"lo1":0.0,"la1":90.0,"lo2":359.0,"la2":-90.0,"dx":1.0,"dy":1.0}, "data":
[rows 81 to 107 of 181, columns 183 to 243 of 360]
9304.966,13884.966,25944.967,25822.967,12392.966,28580.967,21102.967,13010.966,10746.966,4846.966,16916.967,5866.966,17306.967,25088.967,11776.966,6040.966,6320.966,9502.966,10490.966,6808.966,10148.966,10222.966,8712.966,8446.966,5332.966,9630.966,6462.966,5426.966,5032.966,4702.966,7602.966,6288.966,2698.966,4416.966,3026.966,11906.966,11316.966,3740.966,8924.966,5268.966,6938.966,31588.967,16520.967,7064.966,1488.966,11042.966,24846.967,3472.966,6962.966,7202.966,11180.966,4794.966,2686.966,2200.966,5434.966,2520.966,1798.966,6434.966,6912.966,15224.966,19386.967
12684.966,9118.966,30792.967,32110.967,13082.966,30936.967,9806.966,16096.966,5032.966,10492.966,3950.966,6214.966,9008.966,6416.966,5146.966,5150.966,10502.966,6440.966,6966.966,6588.966,9176.966,12854.966,15270.966,14228.966,8966.966,8164.966,5506.966,6724.966,6794.966,5216.966,14640.966,4112.966,7772.966,6898.966,4816.966,14378.966,10394.966,4610.966,6160.966,4836.966,2670.966,11626.966,4732.966,9124.966,2648.966,12494.966,12660.966,9504.966,5982.966,9024.966,5722.966,3342.966,5134.966,4092.966,3794.966,8250.966,6358.966,2540.966,6874.966,12258.966,17098.967
15212.966,3718.966,22274.967,8068.966,6484.966,18806.967,12530.966,5992.966,5810.966,6232.966,3618.966,2082.966,4826.966,7834.966,4488.966,16130.966,8690.966,28756.967,26810.967,19964.967,9570.966,8464.966,15634.966,9608.966,18836.967,9802.966,11918.966,14598.966,6674.966,17768.967,31216.967,4692.966,7596.966,8986.966,5844.966,9072.966,14660.966,4974.966,7612.966,7292.966,3512.966,16658.967,9832.966,9088.966,1538.966,1546.966,30758.967,36500.965,6660.966,9820.966,11678.966,13414.966,19600.967,3436.966,6984.966,8054.966,7830.966,6436.966,3452.966,3354.966,13418.966
7658.966,3222.966,10992.966,8654.966,7672.966,11982.966,9982.966,11544.966,7592.966,6866.966,16914.967,4460.966,11378.966,4384.966,8130.966,17496.967,17632.967,15860.966,17024.967,5262.966,7066.966,6534.966,9616.966,7714.966,8476.966,10868.966,6636.966,25882.967,6012.966,32182.967,7530.966,8472.966,11958.966,10964.966,6046.966,11062.966,8050.966,4312.966,5950.966,10232.966,4156.966,8614.966,18552.967,5818.966,3022.966,5976.966,21704.967,40466.965,4990.966,17112.967,11550.966,18046.967,11502.966,8900.966,2874.966,11590.966,5358.966,7036.966,3758.966,6584.966,7102.966
4210.966,9936.966,5482.966,3948.966,8172.966,15434.966,7230.966,6310.966,3768.966,17984.967,36406.965,5320.966,5080.966,14614.966,13604.966,3676.966,12382.966,19294.967,3204.966,5960.966,11814.966,9588.966,14292.966,9964.966,12038.966,13056.966,3680.966,21216.967,17476.967,30042.967,7288.966,26416.967,7810.966,6410.966,5430.966,22796.967,3310.966,3816.966,2872.966,9434.966,2670.966,3848.966,9526.966,5998.966,13356.966,7868.966,11888.966,16788.967,42890.965,8126.966,4484.966,16612.967,6262.966,6180.966,6734.966,14746.966,13266.966,11870.966,16134.966,10464.966,12958.966
7848.966,5510.966,15458.966,12776.966,4790.966,15964.966,11634.966,14434.966,6432.966,18050.967,21364.967,10928.966,8836.966,12630.966,15692.966,11304.966,10060.966,19174.967,15536.966,12024.966,7112.966,12018.966,17078.967,15514.966,7250.966,9940.966,16850.967,5732.966,12762.966,12342.966,8272.966,27462.967,12626.966,8566.966,6874.966,14752.966,3022.966,4636.966,5038.966,3250.966,4088.966,5118.966,7558.966,12446.966,20112.967,2238.966,33182.965,43352.965,47944.965,5486.966,41334.965,6688.966,5786.966,7082.966,9040.966,6190.966,8238.966,9050.966,9300.966,13094.966,11032.966
21340.967,14210.966,19754.967,17774.967,16190.966,22230.967,19032.967,22708.967,19554.967,27422.967,17860.967,12392.966,7838.966,6438.966,14670.966,7604.966,13880.966,11024.966,7234.966,13460.966,9750.966,13368.966,9506.966,11670.966,13948.966,8016.966,20972.967,19038.967,24946.967,22776.967,6574.966,11948.966,2906.966,6158.966,7598.966,18938.967,11824.966,4912.966,11042.966,6132.966,9376.966,6306.966,7018.966,18284.967,33208.965,5838.966,8530.966,15188.966,18298.967,8992.966,13096.966,30716.967,38866.965,23212.967,12024.966,14662.966,16254.966,7246.966,14462.966,13146.966,7498.966
3924.966,17164.967,14318.966,19258.967,26604.967,8886.966,17510.967,9036.966,12308.966,10374.966,21264.967,17320.967,12296.966,9678.966,12494.966,21528.967,17100.967,18466.967,17098.967,27572.967,19178.967,15004.966,18164.967,41584.965,43350.965,27832.967,43778.965,47434.965,47444.965,47488.965,47582.965,47626.965,10922.966,8882.966,8628.966,16654.967,25458.967,8040.966,10018.966,27402.967,15012.966,5760.966,48406.965,43408.965,18146.967,9270.966,5234.966,13134.966,20814.967,6290.966,17112.967,30330.967,10696.966,7530.966,13898.966,32508.967,22778.967,28790.967,29768.967,21990.967,6522.966
20018.967,17032.967,26092.967,14566.966,9310.966,28260.967,29290.967,11914.966,7044.966,17656.967,10268.966,5146.966,22734.967,16354.966,12920.966,39778.965,15992.966,23376.967,20554.967,30906.967,25722.967,24750.967,33340.965,44566.965,41204.965,41530.965,40138.965,39186.965,41886.965,31846.967,44606.965,46652.965,47908.965,47944.965,18910.967,35670.965,16680.967,15888.966,15972.966,14414.966,12494.966,17914.967,41792.965,16970.967,15732.966,12102.966,16152.966,27030.967,14632.966,12940.966,48486.965,9388.966,10850.966,15616.966,13796.966,17432.967,16128.966,14286.966,23260.967,21166.967,21580.967
18982.967,7632.966,20316.967,20946.967,8888.966,7836.966,17026.967,20882.967,9358.966,28968.967,24596.967,7152.966,12328.966,10850.966,14182.966,19284.967,17326.967,14760.966,16396.967,12878.966,15864.966,20544.967,24790.967,16728.967,13348.966,9380.966,13868.966,14968.966,32026.967,25668.967,41212.965,48094.965,48118.965,48140.965,48234.965,48322.965,48414.965,48290.965,48166.965,47902.965,32310.967,11382.966,26112.967,12168.966,24408.967,13936.966,9876.966,17456.967,21956.967,43580.965,23758.967,6948.966,7908.966,18894.967,10424.966,4852.966,10034.966,4380.966,8296.966,5614.966,16610.967
7298.966,14124.966,10992.966,12646.966,9306.966,11504.966,15558.966,10166.966,17728.967,15188.966,12516.966,15920.966,18378.967,13464.966,11324.966,13142.966,43344.965,31204.967,8144.966,13606.966,11012.966,26450.967,36800.965,42952.965,36676.965,47200.965,33652.965,15374.966,22862.967,19626.967,17228.967,8762.966,7012.966,13172.966,9430.966,11308.966,11178.966,5194.966,25532.967,9658.966,17382.967,12254.966,18378.967,16392.967,11470.966,11544.966,19364.967,13044.966,17034.967,37564.965,18288.967,6892.966,2816.966,13332.966,9242.966,9694.966,7072.966,9956.966,8256.966,15330.966,19282.967
7026.966,7078.966,5834.966,9168.966,4564.966,9934.966,7456.966,8642.966,12008.966,30718.967,15104.966,14848.966,12682.966,10762.966,14566.966,21952.967,11536.966,22400.967,23272.967,15002.966,12920.966,14078.966,19934.967,9166.966,13186.966,19840.967,15650.966,11130.966,17742.967,16710.967,6380.966,10008.966,11322.966,19318.967,20224.967,5690.966,11076.966,10418.966,4700.966,7004.966,16738.967,4644.966,9372.966,26736.967,11570.966,11128.966,17414.967,10132.966,10008.966,19044.967,21198.967,5148.966,17250.967,8084.966,6724.966,6988.966,13734.966,15524.966,15096.966,7544.966,34054.965
4808.966,4130.966,6048.966,4478.966,6622.966,18144.967,17546.967,8758.966,12382.966,13632.966,41272.965,23806.967,4910.966,28306.967,40174.965,41252.965,15090.966,9654.966,9800.966,11442.966,21344.967,16630.967,9504.966,14014.966,21608.967,15474.966,24102.967,9654.966,44348.965,26270.967,18864.967,8380.966,23284.967,17236.967,18056.967,8836.966,5982.966,7306.966,11806.966,8670.966,5124.966,12088.966,6566.966,10702.966,17116.967,16402.967,15612.966,10914.966,14292.966,21976.967,4070.966,9770.966,17264.967,8558.966,5902.966,21456.967,10878.966,7472.966,10142.966,5446.966,6430.966
27132.967,17160.967,18390.967,2962.966,12340.966,24352.967,11906.966,13142.966,14008.966,21726.967,15738.966,14156.966,19328.967,19552.967,9266.966,26300.967,11244.966,12002.966,12258.966,12648.966,8890.966,13916.966,10164.966,19280.967,15766.966,34216.965,13930.966,13700.966,12520.966,13408.966,16802.967,14594.966,16924.967,21078.967,12452.966,6652.966,13330.966,7008.966,6244.966,4472.966,5316.966,11500.966,13080.966,43212.965,11580.966,10770.966,12056.966,43140.965,20088.967,21924.967,17570.967,4828.966,8060.966,20930.967,18770.967,35518.965,31918.967,8550.966,4944.966,2928.966,11252.966
11078.966,5318.966,7938.966,11594.966,6914.966,23946.967,15678.966,12010.966,24812.967,13830.966,18200.967,19058.967,16472.967,17618.967,31978.967,31186.967,22428.967,27948.967,11192.966,8128.966,11822.966,22192.967,25850.967,6434.966,11484.966,21628.967,9254.966,14924.966,13258.966,17480.967,19240.967,16404.967,20056.967,39078.965,37172.965,6482.966,7156.966,13968.966,3376.966,5510.966,6164.966,7850.966,18260.967,12604.966,10458.966,42298.965,42260.965,42220.965,42190.965,42234.965,42276.965,39446.965,37994.965,42256.965,40200.965,39026.965,12834.966,14612.966,16472.967,15698.966,3366.966
7688.966,23904.967,12710.966,6554.966,14184.966,25540.967,16710.967,17050.967,21706.967,38926.965,19200.967,12412.966,11928.966,25738.967,25244.967,33896.965,46744.965,46582.965,49580.965,49750.965,49546.965,45542.965,48812.965,43340.965,4364.966,23712.967,9628.966,10864.966,17068.967,11534.966,6876.966,21120.967,10586.966,32546.967,36714.965,10474.966,17734.967,14802.966,4184.966,6310.966,4400.966,5890.966,24866.967,14198.966,27838.967,15414.966,39716.965,41350.965,41262.965,41264.965,31028.967,36414.965,41166.965,36380.965,35270.965,37152.965,23082.967,38530.965,17532.967,10064.966,6666.966
14972.966,23148.967,4800.966,12086.966,20336.967,20798.967,22226.967,12888.966,11294.966,12442.966,21718.967,18936.967,4858.966,15160.966,21726.967,10936.966,28732.967,46572.965,46382.965,46066.965,49462.965,49148.965,48738.965,48332.965,47938.965,12564.966,3366.966,21004.967,12192.966,10484.966,19376.967,11120.966,11472.966,4944.966,10738.966,23408.967,15876.966,29438.967,20806.967,14340.966,41332.965,41268.965,41204.965,40762.965,39708.965,41192.965,21648.967,38666.965,41242.965,41212.965,41186.965,18316.967,41046.965,40928.965,40814.965,40890.965,40042.965,32794.965,41046.965,40566.965,18228.967
16268.966,21302.967,9684.966,13828.966,50020.965,11016.966,7036.966,35716.965,24104.967,15090.966,13912.966,47518.965,16210.966,23188.967,14420.966,28422.967,46788.965,38908.965,18954.967,49082.965,46332.965,49048.965,46792.965,48286.965,47920.965,47526.965,47138.965,9130.966,14866.966,16562.967,35340.965,17930.967,24246.967,12094.966,14106.966,8048.966,14514.966,9420.966,39950.965,41196.965,40940.965,43460.965,41086.965,41172.965,41258.965,41342.965,40106.965,41270.965,41230.965,40892.965,36886.965,35008.965,40938.965,44432.965,40680.965,40736.965,38450.965,40072.965,40786.965,40720.965,39124.965
20530.967,26734.967,18760.967,9178.966,23308.967,7502.966,16932.967,25704.967,26916.967,8282.966,12920.966,20682.967,33108.965,30558.967,35046.965,47074.965,23544.967,36488.965,42402.965,21120.967,49302.965,48948.965,48596.965,48246.965,47900.965,47462.965,47032.965,46662.965,26908.967,30968.967,21996.967,17748.967,38604.965,16690.967,42252.965,42400.965,44478.965,43878.965,41514.965,41010.965,40996.965,40990.965,40986.965,43308.965,41144.965,41262.965,38756.965,44882.965,41234.965,41152.965,40956.965,40994.965,31238.967,37880.965,40566.965,40598.965,35344.965,40652.965,39318.965,40452.965,30840.967
26662.967,12834.966,29044.967,17470.967,12574.966,23328.967,14738.966,7056.966,20374.967,24528.967,13250.966,4042.966,8790.966,18856.967,24916.967,26128.967,30840.967,50344.965,50066.965,49728.965,40724.965,20922.967,20120.967,35092.965,47892.965,47518.965,47150.965,46790.965,46594.965,42112.965,42546.965,42510.965,42476.965,42444.965,42512.965,45212.965,46324.965,42320.965,42000.965,41532.965,40592.965,38408.965,32934.965,38826.965,41688.965,41740.965,29038.967,41724.965,41936.965,41916.965,41894.965,41864.965,41764.965,41662.965,40582.965,41606.965,41612.965,41696.965,41642.965,40996.965,36334.965
20350.967,27942.967,25014.967,9296.966,11058.966,11578.966,20058.967,14686.966,26314.967,22048.967,19664.967,39096.965,38380.965,24048.967,32332.967,25322.967,5940.966,9750.966,29884.967,7590.966,19278.967,19544.967,23056.967,10060.966,14434.966,43876.965,43578.965,46968.965,46852.965,43048.965,30132.967,21744.967,12604.966,19170.967,42710.965,24634.967,43430.965,36064.965,42470.965,12992.966,36654.965,42244.965,45816.965,42216.965,42230.965,40738.965,36928.965,41260.965,42680.965,42722.965,42760.965,42796.965,42736.965,37220.965,42624.965,42682.965,42750.965,39736.965,42806.965,42772.965,42790.965
23094.967,17942.967,22452.967,20216.967,16656.967,13788.966,18734.967,17682.967,49580.965,49458.965,22624.967,38842.965,7100.966,9240.966,39086.965,38654.965,17686.967,11302.966,14900.966,32112.967,25446.967,21288.967,37454.965,17400.967,42332.965,18114.967,32718.967,18538.967,46528.965,47070.965,44072.965,24636.967,29344.967,20298.967,9472.966,9088.966,16528.967,21680.967,18292.967,17808.967,16698.967,42420.965,42830.965,42810.965,46464.965,42766.965,42992.965,43220.965,43450.965,43558.965,43666.965,43764.965,43756.965,43858.965,42080.965,46764.965,37678.965,20212.967,22344.967,44080.965,44128.965
20798.967,17506.967,51058.965,15684.966,16520.967,20718.967,23602.967,28104.967,42280.965,41088.965,12588.966,24972.967,18546.967,12450.966,40822.965,11204.966,8384.966,18160.967,30096.967,19146.967,21478.967,23984.967,21552.967,26962.967,32968.965,44370.965,44158.965,30260.967,5920.966,47644.965,47638.965,47472.965,23188.967,15860.966,10754.966,13484.966,23426.967,18216.967,23406.967,23686.967,21172.967,11740.966,47150.965,47222.965,47328.965,42430.965,44000.965,44276.965,44554.965,44662.965,44768.965,44874.965,44922.965,44966.965,47142.965,46686.965,45210.965,20422.967,31540.967,40864.965,45684.965
26214.967,26352.967,50978.965,50648.965,18268.967,28578.967,27516.967,6340.966,12890.966,21672.967,20820.967,4944.966,4768.966,32014.967,14186.966,25018.967,22718.967,10394.966,30108.967,26984.967,36798.965,32368.967,34712.965,23970.967,48708.965,48520.965,35286.965,10248.966,43616.965,26526.967,48264.965,47998.965,41972.965,36744.965,17012.967,4026.966,32998.965,28414.967,24128.967,24784.967,40294.965,42138.965,44104.965,45296.965,48224.965,48438.965,47464.965,32414.967,45712.965,45822.965,45930.965,46040.965,24548.967,46252.965,50072.965,46818.965,50320.965,46734.965,46934.965,49550.965,45812.965
29092.967,41454.965,27064.967,50942.965,36996.965,32038.967,19368.967,5704.966,14762.966,11634.966,9618.966,11980.966,4624.966,14296.966,9590.966,10166.966,16956.967,35060.965,16270.966,23304.967,19286.967,34244.965,46000.965,20256.967,20106.967,17628.967,5338.966,7028.966,3658.966,35148.965,31918.967,48532.965,48164.965,19764.967,12454.966,27274.967,31720.967,31986.967,48308.965,48616.965,44862.965,48522.965,44772.965,18182.967,45432.965,45774.965,46150.965,26922.967,19886.967,47968.965,38382.965,35088.965,47394.965,30440.967,28056.967,26828.967,43128.965,51946.965,51768.965,52522.965,49100.965
22780.967,24846.967,17116.967,46130.965,10992.966,21334.967,27636.967,12734.966,12736.966,19020.967,7532.966,4744.966,11858.966,1018.96594,8130.966,11612.966,40724.965,12814.966,26804.967,41884.965,19340.967,18422.967,45300.965,17530.967,5568.966,3468.966,7098.966,2876.966,2904.966,5402.966,6096.966,44336.965,45292.965,48812.965,48786.965,46332.965,43156.965,45220.965,47360.965,49322.965,49266.965,49204.965,16474.967,45952.965,49748.965,49680.965,37812.965,32748.967,37070.965,46896.965,47616.965,45328.965,19772.967,36188.965,32446.967,52198.965,52400.965,52606.965,52934.965,53262.965,53600.965
12326.966,36806.965,22526.967,45828.965,25662.967,13056.966,13634.966,9378.966,13640.966,16592.967,3250.966,7324.966,11412.966,3352.966,11606.966,7792.966,18092.967,7156.966,7384.966,6612.966,18648.967,23244.967,39854.965,15882.966,4032.966,4628.966,2992.966,6946.966,1918.966,1782.966,3772.966,6462.966,24040.967,49878.965,46140.965,31992.967,25732.967,20354.967,11512.966,10832.966,30438.967,49906.965,49846.965,50100.965,23636.967,15998.966,25154.967,20092.967,45508.965,43350.965,37854.965,48342.965,27480.967,43880.965,35080.965,43424.965,53012.965,32478.967,21462.967,11968.966,5250.966
