frontend/src/assets/file/flow/uv10.json
{"header": {"discipline":0,"disciplineName":"Meteorological products","gribEdition":2,"gribLength":97936,"center":98,"centerName":"European Center for Medium-Range Weather Forecasts (RSMC)","subcenter":0,"refTime":"2019-04-26T12:00:00.000Z","significanceOfRT":1,"significanceOfRTName":"Start of forecast","productStatus":0,"productStatusName":"Operational products","productType":1,"productTypeName":"Forecast products","productDefinitionTemplate":0,"productDefinitionTemplateName":"Analysis/forecast at horizontal level/layer at a point in time","parameterCategory":2,"parameterCategoryName":"Momentum","parameterNumber":3,"parameterNumberName":"V-component_of_wind","parameterUnit":"m.s-1","genProcessType":0,"genProcessTypeName":"Analysis","forecastTime":24,"surface1Type":103,"surface1TypeName":"Specified height level above ground","surface1Value":10.0,"surface2Type":255,"surface2TypeName":"Missing","surface2Value":-9.999E-252,"gridDefinitionTemplate":0,"gridDefinitionTemplateName":"Latitude_Longitude","numberPoints":65160,"shape":6,"shapeName":"Earth spherical with radius of 6,371,229.0 m","gridUnits":"degrees","resolution":48,"winds":"true","scanMode":0,"nx":360,"ny":181,"basicAngle":0,"lo1":0.0,"la1":90.0,"lo2":359.0,"la2":-90.0,"dx":1.0,"dy":1.0}, "data":
[rows 26 to 51 of 181, columns 0 to 57 of 360]
-4.2267456,-3.0392456,-2.7736206,-2.2267456,-1.0548706,-1.6173706,-1.0392456,0.3826294,3.0545044,3.8357544,4.0076294,3.5701294,4.7732544,1.6170044,3.3201294,1.0701294,1.2263794,-0.101745605,-0.9142456,-1.0861206,-2.6798706,-7.3048706,-8.695496,-6.9142456,-3.1017456,-2.2111206,-2.7736206,-1.5704956,-2.3361206,-2.2892456,-2.1173706,-2.4454956,-3.2423706,-3.6798706,-4.3829956,-4.1486206,-5.0079956,-9.804871,-6.7267456,-6.2579956,-5.7267456,-5.6017456,-5.3048706,-5.3204956,-4.4142456,-4.4298706,-3.5704956,-2.8048706,-2.0861206,-1.2579956,-1.1173706,-1.1329956,-1.0236206,-1.6798706,-1.8048706,-2.1017456,-1.8361206,-1.4611206
-1.5236206,-1.4142456,-1.2892456,-1.3829956,-1.4611206,-1.5548706,-0.4454956,-1.2892456,3.1326294,1.0857544,4.2263794,3.9295044,2.7576294,2.7576294,2.0232544,1.6170044,1.2107544,0.8201294,-0.3986206,-5.0861206,-7.6642456,-8.648621,-4.8204956,-3.2111206,-2.9611206,-3.0236206,-3.4767456,-2.5861206,-2.6486206,-3.4611206,-2.5236206,-3.0861206,-3.5861206,-4.5704956,-4.7111206,-5.1173706,-5.2736206,-5.7267456,-5.6017456,-5.3517456,-5.0861206,-5.3361206,-5.0704956,-5.1642456,-4.9454956,-4.8204956,-4.9298706,-4.2736206,-2.0079956,-1.1173706,-0.4454956,-0.6642456,-0.8204956,-1.1798706,-1.4923706,-1.8673706,-2.2892456,-2.6017456
-1.4454956,-1.4298706,-0.3517456,0.1326294,-1.2892456,-2.6642456,0.3982544,-0.4767456,0.3513794,2.0076294,2.6795044,1.3982544,1.3670044,0.9763794,0.2732544,0.8357544,-0.039245605,-1.4611206,-5.2423706,-5.6642456,-5.9454956,-6.8517456,-1.8673706,-1.4767456,-1.5079956,-2.5861206,-3.1642456,-2.4767456,-2.5236206,-3.4611206,-4.0392456,-3.9298706,-3.1329956,-4.9454956,-4.7267456,-6.9923706,-4.0704956,-3.9454956,-3.7736206,-3.5548706,-4.0861206,-3.9142456,-4.5704956,-4.6017456,-4.6642456,-4.7892456,-4.8829956,-4.1954956,-2.0861206,-1.3829956,-1.4611206,-1.2736206,-0.8361206,-0.3517456,-0.9298706,-1.1329956,-1.8986206,-1.9767456
-1.5861206,-0.8048706,0.2732544,0.2420044,0.5701294,0.7107544,0.4451294,-0.1642456,-0.3048706,-0.7579956,-1.4142456,-1.4298706,0.2576294,0.2263794,0.3201294,-0.3048706,-0.7892456,-2.9142456,-4.7736206,-4.3361206,-5.4611206,-7.4767456,-1.4923706,-1.6954956,-2.1642456,-2.0548706,-1.6173706,-1.8986206,-3.4298706,-4.7892456,-1.3517456,-2.9611206,-3.3829956,-2.2579956,-4.2111206,-5.3829956,-5.2892456,-4.0704956,-4.2736206,-4.8673706,-4.6017456,-4.0079956,-4.0392456,-4.5236206,-4.2736206,-4.7892456,-4.4767456,-4.3048706,-4.4298706,-3.5704956,-3.2111206,-2.5236206,-1.5392456,-1.0548706,-0.7111206,-0.0079956055,0.2263794,0.6482544
-0.6798706,0.5701294,1.6795044,2.8045044,1.9920044,3.5388794,0.1951294,-0.5861206,-1.2579956,-1.5548706,-3.0236206,-0.7111206,0.8513794,0.4920044,0.3357544,-0.4142456,-1.3048706,-1.2736206,-1.1954956,-3.2736206,-1.2111206,-1.8361206,2.3045044,2.2888794,1.8357544,2.8513794,1.1326294,-2.3829956,-5.1329956,-1.4611206,-2.4767456,-3.4454956,-3.3361206,-3.2892456,-2.8204956,-2.6329956,-3.2892456,-2.2892456,-1.2579956,-1.6954956,-3.8048706,-4.3517456,-4.2579956,-4.9767456,-4.6486206,-4.3673706,-4.3986206,-4.1798706,-4.2111206,-3.6486206,-3.0548706,-2.9298706,-2.9142456,-2.6017456,-1.4454956,-0.5548706,0.7576294,2.2420044
0.2107544,1.6326294,2.4138794,3.3670044,3.1795044,2.9763794,0.5232544,0.6482544,0.2263794,-2.2736206,-3.5236206,1.1326294,-0.2267456,-1.4611206,0.038879395,-0.5704956,0.5076294,-0.3517456,-2.2892456,-4.1642456,-3.8829956,-3.6173706,-4.0704956,-5.5548706,-2.7111206,-2.3986206,-2.6173706,-4.1954956,-2.8048706,-1.5079956,-1.9298706,-1.8517456,-1.6798706,-1.8517456,-3.1017456,-1.0236206,-1.1173706,-1.3986206,-0.8829956,-2.8048706,-3.2892456,-2.9611206,-3.1954956,-4.2736206,-3.4142456,-2.3986206,-3.0392456,-2.1486206,-2.8673706,-2.7267456,-2.7736206,-2.3517456,-2.1642456,-1.9611206,-1.1954956,0.7888794,2.7576294,2.9295044
1.0857544,1.9295044,2.8670044,3.1795044,3.3670044,3.4138794,2.4607544,1.4920044,0.8045044,1.1326294,0.8201294,0.2732544,1.2888794,2.4763794,0.3670044,0.1638794,0.3513794,-5.7267456,-3.1173706,-1.2892456,-1.7892456,-0.8048706,-0.6486206,-1.8204956,-5.1017456,-1.5079956,-2.4767456,-2.3204956,-3.6017456,-2.2111206,0.3357544,-2.8673706,-1.1173706,-0.6954956,0.6482544,-0.1486206,0.2576294,-0.101745605,-0.4923706,-1.2111206,-0.3204956,0.2888794,-1.1173706,-1.7579956,-2.5704956,-1.3986206,-2.1017456,-2.5079956,-2.0392456,-0.8986206,0.117004395,1.9763794,1.8201294,1.8670044,2.3513794,3.6326294,5.0388794,4.6170044
1.0857544,2.3201294,4.2576294,5.8045044,6.2888794,6.4295044,5.7576294,5.1795044,4.4138794,1.3826294,0.3982544,0.7888794,-1.4454956,-0.054870605,1.0076294,-0.039245605,-1.0236206,-0.0079956055,1.7576294,-0.8986206,-2.3204956,-2.2579956,0.7576294,-1.9767456,-3.0704956,0.1326294,0.4920044,0.1638794,-0.7267456,-0.8673706,-0.6017456,-0.2736206,0.5701294,-1.1017456,-0.117370605,0.2263794,0.7263794,0.1795044,-0.2423706,-0.2736206,2.2263794,-0.1329956,-0.3048706,0.1795044,0.3513794,-0.117370605,-0.7892456,-0.2736206,0.085754395,1.4920044,0.6013794,1.2263794,1.4295044,1.1482544,2.6795044,4.0076294,4.1170044,4.8513794
1.6795044,4.7107544,6.7420044,6.8670044,6.8826294,8.507629,8.335754,7.6326294,6.0388794,4.1013794,2.8670044,1.8045044,-0.3361206,-2.6798706,-1.6329956,-2.1329956,-0.7111206,-0.023620605,1.3513794,0.9763794,-1.2892456,-1.1329956,1.3670044,0.8357544,1.1326294,1.1326294,0.6482544,0.4138794,0.2732544,0.5857544,0.101379395,-0.070495605,0.2263794,0.1482544,0.5388794,2.0232544,0.1951294,2.3513794,1.3982544,2.6795044,1.8045044,1.8357544,-0.5704956,2.8826294,1.1638794,0.6638794,1.0545044,1.7420044,1.8826294,2.4295044,2.2420044,2.7732544,2.5701294,3.2107544,2.2732544,2.9607544,3.5388794,3.7576294
1.4451294,7.0388794,8.538879,9.132629,8.835754,8.085754,8.226379,8.367004,6.4920044,3.7576294,2.8045044,2.8357544,-0.6486206,0.6482544,-0.7579956,-1.1642456,-0.6173706,1.1482544,3.1951294,-2.2267456,-0.8517456,-1.2423706,0.6482544,0.8201294,0.9920044,1.0076294,1.3513794,1.1795044,1.6638794,1.2888794,0.5701294,0.7107544,0.2888794,0.4763794,1.1951294,2.6170044,1.7420044,2.5857544,3.7420044,3.3201294,2.2576294,1.3982544,2.0701294,2.3513794,0.9295044,0.5232544,0.5545044,0.6326294,0.6795044,1.8513794,1.2888794,1.7263794,2.1326294,1.9920044,1.3201294,2.0076294,2.0076294,2.6482544
-2.0704956,3.9607544,10.210754,8.679504,9.226379,9.570129,8.148254,6.8670044,5.7107544,1.0701294,3.6482544,3.3826294,2.4295044,0.7888794,-3.3048706,-2.2267456,-2.1017456,-1.9298706,-1.8986206,-1.3204956,2.0857544,2.6326294,1.6482544,1.2576294,1.9607544,2.2263794,2.4451294,2.5076294,2.1951294,2.3982544,3.3201294,4.0076294,1.7888794,1.7107544,2.2888794,2.8826294,3.3045044,3.3670044,0.3982544,3.0701294,0.4295044,0.7888794,2.2107544,0.3357544,-0.5704956,-0.6017456,-0.7579956,-0.6954956,-0.2423706,3.3513794,1.8670044,1.7107544,0.8826294,0.9763794,1.5232544,1.8045044,2.2263794,1.9451294
3.3982544,5.7420044,8.351379,7.5076294,8.367004,8.851379,6.3045044,4.4920044,3.8513794,2.6951294,4.7732544,4.4607544,2.7420044,0.9607544,-1.0704956,-1.4923706,-1.9454956,-2.0236206,-0.8048706,-0.3829956,0.6326294,0.9451294,1.2888794,1.0232544,1.2263794,2.7107544,3.4451294,2.5076294,2.9607544,2.2888794,2.7107544,3.3513794,2.4920044,1.0232544,2.4295044,2.6326294,3.9451294,2.3982544,-0.070495605,-1.6486206,1.2732544,2.6326294,0.8045044,-1.5392456,0.4920044,-0.5392456,-0.2267456,0.8982544,1.3045044,0.8670044,0.5232544,0.7888794,1.2888794,-1.1173706,0.1638794,0.8513794,1.4920044,1.2732544
0.2732544,1.9763794,3.4607544,4.8670044,6.2107544,3.9451294,4.7732544,4.0076294,2.2107544,3.6638794,5.1326294,4.1170044,3.0545044,1.8513794,0.8201294,-1.0861206,-1.5236206,-1.5704956,-1.7423706,-1.0704956,-0.3986206,-0.5079956,-0.3361206,-1.1017456,1.6795044,2.8045044,2.0701294,2.1951294,1.9607544,1.9763794,3.7576294,4.7107544,3.5701294,4.2888794,3.8045044,3.4295044,3.6638794,3.0232544,2.6638794,1.3045044,-1.4767456,0.5232544,1.9920044,2.5076294,1.8201294,-0.9923706,1.0388794,1.4763794,1.8357544,2.7420044,2.0857544,2.1795044,2.4138794,3.0232544,1.9138794,0.5701294,0.8045044,0.6013794
-1.1329956,1.2576294,3.2263794,2.3670044,3.3982544,3.5857544,3.3357544,2.4920044,0.6638794,3.5701294,5.5545044,4.5545044,3.3670044,1.2732544,-0.1798706,0.2263794,-1.8361206,-1.4298706,-1.4298706,-2.1954956,-0.5861206,-0.1486206,1.8826294,1.0232544,1.6951294,1.6795044,0.7263794,1.5232544,1.6482544,3.1326294,2.9295044,5.6326294,5.3670044,4.1170044,3.9295044,3.4607544,3.3201294,2.6013794,2.0388794,0.1638794,0.3670044,1.6638794,1.5076294,1.4607544,-1.3673706,-1.0861206,0.1326294,-0.4923706,0.7420044,-1.6954956,-3.5704956,1.8670044,1.7263794,2.2576294,2.0232544,0.4763794,-0.9767456,-0.039245605
-0.2267456,0.1482544,0.0076293945,2.3826294,2.0545044,3.5857544,1.8201294,2.1170044,3.8357544,4.2732544,3.6638794,3.5388794,2.9920044,1.4451294,1.2732544,-0.2736206,-0.9454956,-1.7579956,-3.4767456,-1.2892456,-0.8829956,-1.8986206,-1.3361206,1.1013794,1.4607544,1.8513794,1.2420044,-1.2423706,2.2420044,3.3045044,4.0388794,4.5545044,3.9607544,3.3513794,3.1013794,3.7576294,3.3982544,3.5232544,1.5076294,1.4920044,1.3045044,1.6795044,2.2576294,-1.1173706,-0.101745605,0.6795044,-1.9142456,-0.070495605,2.5545044,5.3513794,4.2107544,3.7107544,3.5857544,1.8826294,0.8670044,-0.9142456,-0.9923706,1.8670044
-1.6798706,-1.3986206,0.6951294,0.8357544,1.5857544,1.7576294,0.8513794,0.3670044,4.4920044,2.8982544,2.5388794,3.2263794,2.4763794,1.9295044,-0.023620605,-0.9611206,-1.5704956,-3.1798706,-2.8204956,-1.6329956,-0.9142456,2.0388794,2.7263794,4.0857544,1.5857544,1.4138794,3.1013794,4.5701294,3.9607544,3.2888794,4.3982544,3.5388794,3.0545044,2.7420044,3.4607544,3.3045044,3.2420044,2.1013794,0.7107544,-0.4767456,1.1951294,3.1326294,2.6013794,3.3982544,0.054504395,-0.6173706,2.1951294,3.0857544,2.9920044,2.4138794,3.8826294,3.8826294,2.7107544,1.8982544,1.5388794,-0.3829956,1.8357544,2.0076294
-1.6173706,-0.6798706,-0.3204956,-0.3986206,0.8045044,0.2420044,0.9295044,3.6013794,3.3670044,4.2576294,4.1013794,1.6170044,0.3045044,0.6170044,-0.117370605,-1.3361206,-2.6329956,-3.4142456,-4.1798706,-2.6329956,-0.070495605,2.2888794,1.5545044,2.3513794,-0.3673706,2.8826294,2.6013794,3.5232544,4.3045044,4.7263794,4.3201294,4.6326294,4.6795044,3.4920044,3.1013794,3.4763794,2.2888794,1.2888794,0.8982544,2.3982544,2.1951294,3.0701294,2.0076294,-0.1329956,1.3826294,2.5545044,3.0857544,2.7732544,-1.0704956,5.8045044,3.2732544,5.3357544,5.6638794,2.9451294,1.8670044,1.9295044,1.5232544,2.5388794
-1.0704956,-0.6798706,-0.7892456,-0.5548706,-0.1329956,1.2107544,5.1170044,4.9763794,1.9138794,-0.070495605,-0.3673706,-0.3829956,-1.6173706,-1.7111206,-2.3986206,-1.3204956,0.2263794,-4.6017456,-3.8829956,-2.5861206,-0.2111206,-0.4611206,2.2420044,-1.1486206,-1.2423706,1.4920044,-0.117370605,4.8357544,5.1795044,5.3357544,5.6951294,7.3513794,4.8513794,3.0857544,1.6170044,1.3982544,-0.4923706,1.9451294,0.5076294,-2.0236206,1.8045044,0.8670044,0.6170044,1.5076294,3.7263794,4.0076294,2.6482544,2.5076294,2.1170044,1.7107544,3.6013794,5.9607544,3.9607544,4.6170044,3.1013794,2.9138794,2.4451294,1.9920044
-0.9142456,-1.0861206,-0.5236206,-0.9611206,-3.1017456,3.6170044,2.9295044,0.2420044,0.3982544,0.4920044,0.8826294,1.4451294,1.3357544,1.0857544,-1.1954956,0.2732544,-0.8204956,-2.2892456,-0.7267456,-1.4454956,-1.1642456,-2.1486206,-0.1642456,-0.3829956,-0.2111206,2.4138794,3.5545044,5.3045044,5.3982544,5.7888794,5.9920044,3.8982544,0.9763794,-0.9298706,-2.3673706,0.023254395,0.5232544,-0.4611206,-1.5861206,1.0076294,2.2888794,0.6013794,0.4451294,1.8826294,3.5232544,3.7732544,3.5701294,4.5232544,5.6795044,7.4451294,7.0857544,5.6482544,3.3670044,0.1326294,-0.5079956,0.7888794,0.7576294,0.7732544
-1.9454956,-0.8986206,-1.7423706,1.6013794,-0.5861206,0.070129395,-1.4454956,0.023254395,0.8045044,1.2576294,-1.4923706,0.7107544,-0.6642456,-2.3204956,1.7107544,-0.5236206,-2.5236206,-2.6329956,-2.0861206,-1.4142456,-1.8829956,-0.2423706,-0.8204956,2.1326294,1.9138794,2.5388794,1.7888794,3.7732544,4.7732544,5.7107544,3.8982544,1.3826294,2.3357544,1.8201294,-0.0079956055,0.5701294,1.4138794,2.6170044,0.8982544,1.6482544,-0.6642456,-0.4767456,0.3670044,1.2888794,2.9138794,2.8045044,3.7576294,4.6951294,6.5701294,6.6013794,7.4763794,3.9607544,4.1013794,4.6482544,3.0232544,-4.5548706,-2.8986206,-0.070495605
-0.4611206,-0.9611206,-1.1017456,-0.086120605,-2.8986206,-3.3048706,-5.4454956,1.7263794,3.3513794,3.8670044,3.3513794,2.4607544,-0.6173706,-1.2111206,-1.0548706,-1.3048706,1.1795044,1.4295044,-1.9767456,-0.4142456,-2.6642456,-0.6798706,0.5388794,1.2107544,1.9138794,1.0232544,1.9451294,4.3670044,5.0701294,4.3357544,2.3513794,0.7420044,0.7263794,0.117004395,-0.1486206,0.1482544,-0.8986206,-1.1954956,2.3357544,1.3045044,1.1951294,-1.8048706,-0.9767456,1.4451294,0.8357544,1.2576294,1.9607544,3.3670044,4.2888794,4.4763794,5.4451294,7.3201294,6.3670044,6.1013794,5.4138794,4.4451294,2.9138794,0.7263794
-0.6329956,-1.6642456,-1.6017456,-5.3829956,-2.6329956,-1.3673706,-0.2736206,1.3045044,-1.1642456,8.413879,-0.5392456,0.0076293945,-1.3361206,1.0701294,-1.1329956,-1.2892456,-2.9767456,-2.4298706,-0.117370605,2.5232544,3.8982544,5.0545044,0.8826294,-1.2423706,2.2107544,0.3513794,4.6638794,4.0232544,2.4451294,2.2888794,1.0232544,0.0076293945,-0.4767456,-0.3829956,-1.2736206,-1.8829956,-1.0079956,-0.4298706,-0.3986206,-2.1173706,-0.5861206,0.2263794,1.1482544,0.6326294,-1.5861206,-1.3673706,-1.0079956,1.8045044,3.3357544,3.6795044,6.6170044,7.1951294,6.6013794,2.9295044,5.1795044,2.9763794,3.5857544,3.0857544
-1.5704956,1.9763794,1.8826294,1.9138794,-2.7736206,-6.0548706,-5.6173706,-3.4611206,-1.6798706,0.1326294,0.070129395,1.0232544,1.4451294,-1.1329956,-0.8048706,-0.8829956,-2.3986206,-4.9454956,-1.9767456,2.7420044,2.8670044,2.4295044,2.4451294,2.8826294,2.2732544,-1.6798706,4.5388794,3.6482544,2.3357544,0.3670044,-0.7111206,-1.1642456,-0.5079956,-2.4611206,-0.5079956,0.8982544,-0.086120605,-1.8829956,-1.9611206,-1.9611206,0.2732544,-0.023620605,0.1638794,-1.3829956,-0.4767456,-0.1329956,1.8513794,-0.5861206,1.9920044,4.1638794,8.554504,7.6013794,5.6951294,3.3357544,2.7732544,2.9763794,3.4295044,2.5857544
-3.2892456,-0.9767456,0.6170044,1.0388794,1.0388794,-5.9611206,-7.5236206,-6.8829956,-3.0236206,-0.2579956,-4.2267456,-3.0861206,-2.3048706,-0.6954956,1.5232544,0.4295044,-1.2579956,-4.0236206,-3.2111206,2.7888794,0.9920044,0.6951294,-0.3673706,3.4920044,0.101379395,2.0857544,2.2420044,1.3670044,1.6482544,-0.2579956,-2.1173706,-2.1329956,-2.8204956,-1.7579956,1.3045044,0.2107544,0.2107544,-1.3517456,-1.2423706,-2.4298706,-2.1329956,-1.6486206,0.7888794,2.3201294,1.5232544,0.1638794,0.8045044,2.2420044,0.5701294,0.5076294,9.132629,6.7420044,3.9295044,-1.9767456,-3.5704956,1.7576294,1.7888794,2.3357544
5.3357544,1.6482544,-3.6642456,0.085754395,4.1951294,-1.1017456,-5.5079956,-6.0704956,-3.8986206,-3.1954956,3.0388794,-2.0392456,-2.1798706,-4.3204956,-2.7892456,-1.9767456,2.1951294,6.0076294,-0.054870605,-3.3673706,0.4138794,1.9295044,1.8982544,4.8982544,0.085754395,-0.9767456,0.5545044,-2.1798706,-1.4767456,-1.3517456,-1.8048706,-1.7267456,-0.7267456,0.8357544,1.1951294,1.1951294,3.1326294,2.1013794,2.4607544,1.4920044,2.7420044,1.8357544,0.1951294,0.5076294,0.9138794,1.2732544,-0.5704956,0.1326294,0.8201294,5.6951294,5.8670044,3.9763794,2.7576294,1.5232544,0.6170044,2.8513794,2.0388794,2.2888794
-1.2267456,-2.9611206,-3.7423706,-0.070495605,3.7888794,-0.1329956,-3.4454956,-4.2579956,-6.4454956,-3.1486206,0.3670044,-0.3986206,-1.4923706,-4.4923706,-3.3517456,-3.0392456,-3.7267456,2.3201294,-1.2423706,-6.0704956,-3.6798706,2.8357544,1.0232544,-1.4767456,-0.4298706,1.6013794,-1.2111206,0.9138794,-0.6798706,-0.1798706,-1.1329956,-0.4923706,-1.1642456,2.0388794,-0.3517456,5.4138794,4.8201294,6.2263794,3.3045044,2.1951294,1.5076294,1.5232544,-1.5704956,2.0076294,1.6013794,-0.7267456,1.6326294,-1.8204956,-1.9611206,6.2420044,3.7576294,2.6326294,0.117004395,-0.8673706,-0.9142456,-1.3986206,-0.7423706,2.0701294
