frontend/src/assets/file/flow/uv10.json
{"header": {"discipline":0,"disciplineName":"Meteorological products","gribEdition":2,"gribLength":97936,"center":98,"centerName":"European Center for Medium-Range Weather Forecasts (RSMC)","subcenter":0,"refTime":"2019-04-26T12:00:00.000Z","significanceOfRT":1,"significanceOfRTName":"Start of forecast","productStatus":0,"productStatusName":"Operational products","productType":1,"productTypeName":"Forecast products","productDefinitionTemplate":0,"productDefinitionTemplateName":"Analysis/forecast at horizontal level/layer at a point in time","parameterCategory":2,"parameterCategoryName":"Momentum","parameterNumber":3,"parameterNumberName":"V-component_of_wind","parameterUnit":"m.s-1","genProcessType":0,"genProcessTypeName":"Analysis","forecastTime":24,"surface1Type":103,"surface1TypeName":"Specified height level above ground","surface1Value":10.0,"surface2Type":255,"surface2TypeName":"Missing","surface2Value":-9.999E-252,"gridDefinitionTemplate":0,"gridDefinitionTemplateName":"Latitude_Longitude","numberPoints":65160,"shape":6,"shapeName":"Earth spherical with radius of 6,371,229.0 m","gridUnits":"degrees","resolution":48,"winds":"true","scanMode":0,"nx":360,"ny":181,"basicAngle":0,"lo1":0.0,"la1":90.0,"lo2":359.0,"la2":-90.0,"dx":1.0,"dy":1.0}, "data":
[rows 26 to 51 of 181, columns 174 to 231 of 360]
4.4920044,3.7576294,2.8513794,4.6951294,4.6638794,11.163879,12.663879,12.960754,12.804504,12.632629,11.976379,11.117004,10.023254,9.335754,8.132629,6.5545044,6.4138794,5.6482544,4.7576294,3.8201294,3.2888794,2.4295044,1.0388794,0.5701294,-0.1954956,0.0076293945,-0.3048706,-1.5236206,-1.4298706,-1.4454956,1.3045044,2.0388794,0.5857544,-1.6486206,-1.7736206,-0.6954956,1.9920044,1.2576294,2.5701294,1.0388794,1.8357544,-0.1486206,-0.1954956,-0.3517456,-0.2111206,0.7107544,-1.6798706,0.3201294,-1.2579956,0.8357544,-1.2423706,-0.2423706,-1.5392456,-1.3829956,0.2732544,-0.6173706,-0.1329956,0.9920044
4.9138794,4.7732544,3.1482544,4.0701294,5.2420044,3.6795044,12.742004,13.023254,13.320129,12.820129,12.273254,11.726379,10.820129,9.632629,7.8201294,6.4451294,5.5545044,4.4920044,3.8201294,3.1951294,3.0232544,1.6638794,-0.3673706,0.8670044,0.5076294,-0.6329956,-1.6954956,-0.5548706,-0.3986206,0.117004395,-0.4767456,-1.5079956,-0.2423706,0.8201294,1.5076294,-1.1798706,-2.1486206,-1.5861206,-1.5392456,-0.3204956,-2.1017456,-1.7579956,-0.9767456,-1.2423706,0.2263794,-0.6954956,-0.3673706,0.2576294,-0.4923706,-1.9298706,-1.2579956,-1.0548706,-0.7423706,0.085754395,-0.2736206,-2.6642456,-1.1017456,-1.2892456
3.2263794,5.1170044,8.523254,8.273254,7.8513794,7.8201294,10.960754,12.429504,13.398254,12.710754,12.007629,10.976379,9.679504,8.445129,7.6951294,7.0545044,6.2263794,5.0701294,4.1638794,2.2107544,1.0857544,1.2420044,0.3513794,-1.1017456,0.5545044,-2.2423706,-1.2892456,0.2107544,-1.3673706,-1.4142456,-1.2736206,0.038879395,0.4451294,0.5857544,0.6951294,-1.8048706,0.054504395,0.1482544,-1.8048706,0.4295044,1.3201294,0.7263794,0.101379395,0.9607544,0.5232544,0.1951294,-0.0079956055,1.2732544,-0.6798706,0.023254395,-0.054870605,-1.0392456,0.4920044,-0.5392456,-0.7111206,-1.0236206,-1.4454956,0.4920044
6.3826294,6.5701294,8.257629,8.288879,8.413879,7.8513794,12.101379,14.117004,13.320129,12.179504,10.945129,10.273254,9.023254,7.4295044,7.6482544,7.1013794,5.8982544,5.5545044,4.8045044,3.3357544,1.8513794,0.3670044,1.6013794,0.5232544,1.3357544,2.5701294,0.2888794,1.4607544,-0.3829956,-1.2736206,0.7107544,-0.7423706,0.9138794,0.2107544,-0.6954956,-2.3986206,-0.039245605,-1.4298706,-1.0236206,-2.8204956,0.1795044,0.3513794,0.070129395,-0.8361206,1.5701294,-0.8673706,-0.4454956,0.038879395,-0.4454956,-1.4611206,-0.8048706,-1.5548706,-1.3361206,-1.0392456,-2.0392456,-1.2736206,-2.4298706,-0.8517456
4.9451294,5.4763794,7.0076294,7.7576294,7.7420044,7.0545044,10.851379,13.742004,14.257629,11.898254,9.507629,10.335754,9.367004,7.9295044,7.5545044,6.2576294,5.5701294,5.0388794,3.7576294,3.0076294,1.4607544,1.7263794,0.7732544,0.1638794,0.1795044,0.2888794,1.2576294,-0.3048706,-1.9611206,-1.9454956,-0.2111206,-1.0392456,-1.0236206,-0.9923706,-6.1486206,0.6482544,-2.3517456,-2.3204956,-0.5236206,-1.3204956,-1.7267456,-1.6642456,-0.3048706,-2.1798706,-0.4767456,-1.3986206,-1.2736206,-1.2267456,-0.6173706,0.2263794,0.2107544,-0.5236206,-1.3048706,0.7107544,-1.0236206,0.1795044,-0.3204956,-0.1642456
3.7576294,4.7420044,6.6326294,7.4295044,6.6482544,6.4763794,10.992004,12.507629,13.476379,10.242004,9.663879,9.929504,8.695129,8.367004,7.3670044,6.9295044,5.0232544,4.5701294,2.9763794,1.6951294,1.0076294,0.4295044,-0.5548706,-2.1954956,-0.5548706,-1.0079956,-1.0392456,-1.8673706,-2.1173706,-1.8986206,1.4138794,0.7888794,2.3357544,-1.1486206,-0.2111206,0.3357544,2.0388794,2.1013794,0.7263794,-0.8673706,-0.8986206,-1.8361206,-1.1173706,-1.9454956,-0.5236206,-3.0079956,-4.2111206,-5.1329956,-0.6329956,-0.9767456,-1.4611206,-1.7736206,-0.6798706,-1.8517456,-1.3048706,-2.4611206,-1.6329956,-2.2423706
3.6795044,5.8982544,6.5232544,6.5701294,4.7732544,7.6482544,10.773254,12.163879,12.257629,9.976379,10.648254,9.788879,8.663879,8.132629,7.6013794,2.7732544,3.9138794,3.0388794,1.4295044,-0.023620605,0.2732544,0.5232544,-0.5079956,-1.2111206,-1.0704956,-0.9611206,-1.7736206,-0.1954956,-1.6329956,0.0076293945,0.2576294,-1.4298706,0.4763794,-0.3829956,0.038879395,4.0545044,2.2420044,0.7107544,-0.2423706,-1.0079956,-1.3517456,-0.5548706,-0.9142456,-0.5079956,-1.9298706,-3.1017456,-3.8048706,-4.1486206,-3.1798706,-2.1798706,-1.4142456,-0.8829956,-0.8048706,-0.4142456,-0.5704956,-0.2423706,0.7263794,-0.9142456
5.0388794,5.7420044,5.3982544,4.0701294,3.1951294,9.195129,10.538879,11.070129,11.429504,9.507629,8.929504,8.554504,7.0545044,6.4607544,4.3513794,3.4607544,2.4920044,0.9451294,-0.2892456,-0.4611206,0.4138794,0.7888794,0.054504395,-0.4142456,-0.101745605,-0.0079956055,1.2576294,3.0545044,2.5545044,-0.9923706,2.3357544,2.1170044,0.1326294,1.8201294,2.3670044,2.2107544,1.7732544,0.8826294,-1.2579956,-1.8048706,-1.3986206,-1.1173706,-0.8829956,-1.5392456,-0.8829956,-0.5548706,-1.5392456,-1.8204956,-3.2579956,-4.8986206,-5.3986206,-0.5548706,0.3045044,0.3201294,-0.8517456,-0.9298706,-1.2267456,-1.9767456
5.6170044,4.7263794,2.9607544,1.6951294,7.9295044,9.570129,10.226379,11.288879,9.601379,8.945129,7.2576294,5.7107544,4.4920044,2.6482544,2.1482544,1.0857544,0.1326294,-0.7736206,-0.8517456,-0.023620605,-0.1642456,0.2576294,-0.1329956,-0.6173706,-0.0079956055,-0.6486206,1.3045044,-2.9767456,0.6013794,1.8826294,2.4295044,2.8045044,3.4295044,3.7107544,3.3201294,1.8357544,1.7263794,0.9607544,-2.1486206,-2.4454956,-1.8829956,-0.1642456,0.4451294,0.2888794,-0.9611206,-2.3048706,-1.2736206,-3.5236206,-4.5861206,-5.3361206,-6.2267456,-6.5392456,-1.7579956,0.9920044,-1.4611206,-0.5079956,0.2263794,-0.3204956
2.6482544,1.1795044,5.8982544,7.1013794,8.945129,10.460754,10.554504,10.398254,8.273254,7.3045044,4.9295044,3.8513794,2.2107544,1.2576294,-0.5079956,-1.1798706,-1.0548706,-0.8673706,-0.9767456,-1.2736206,-1.3048706,-1.3986206,-0.3673706,0.7107544,-0.6017456,0.117004395,0.6795044,1.7420044,2.3982544,3.5701294,4.1326294,4.8513794,4.8045044,4.7420044,4.6013794,4.1326294,3.1326294,1.5545044,0.6013794,0.3982544,0.4451294,0.4763794,-0.7736206,-0.6173706,-1.4454956,-2.3204956,-2.6798706,-3.9611206,-5.1173706,-6.2111206,-6.1173706,-6.5861206,-5.7892456,-2.1017456,-2.9611206,-2.2111206,-0.3829956,-0.8517456
3.7576294,6.7576294,8.288879,9.320129,9.882629,10.195129,9.632629,8.132629,7.1638794,5.7263794,3.5232544,1.4451294,-0.8361206,-2.1173706,-2.5392456,-2.6173706,-3.5392456,-3.9142456,-3.9923706,-1.4611206,-3.1329956,-3.7267456,-3.0079956,-3.2423706,-1.5236206,-0.5704956,0.3670044,1.1326294,2.5388794,3.1326294,4.0388794,3.8045044,3.1638794,3.8513794,4.4920044,5.1482544,4.5857544,3.9920044,3.0857544,1.6170044,1.0232544,-0.086120605,-0.8517456,-1.3204956,-2.0548706,-3.0861206,-4.4454956,-5.2423706,-6.8517456,-8.007996,-8.773621,-9.367371,-8.632996,-2.6486206,-0.3204956,-3.9767456,-0.023620605,-0.4923706
7.9763794,9.070129,9.710754,9.820129,9.538879,9.242004,8.710754,7.2263794,5.5701294,4.5076294,2.2576294,-0.3361206,-3.1486206,-3.3361206,-3.6173706,-3.8829956,-4.6954956,-4.8204956,-7.0236206,-6.2423706,-6.2267456,-4.6954956,-3.4142456,-2.7423706,-1.3048706,0.9607544,1.4451294,2.9451294,3.9451294,4.8513794,5.0701294,5.3670044,6.2107544,6.1951294,5.8357544,5.6951294,5.1170044,4.7576294,4.3513794,3.2576294,2.2420044,0.5232544,-0.4298706,-1.6017456,-3.0861206,-3.8048706,-5.1954956,-6.7267456,-7.9923706,-10.304871,-11.273621,-10.929871,-10.570496,-4.3986206,-0.6486206,-3.3048706,-3.8986206,-0.3048706
10.523254,9.788879,9.179504,9.242004,8.742004,7.3357544,8.085754,6.3826294,2.1170044,1.8201294,-0.7423706,-1.0861206,-4.1798706,-6.0548706,-6.5548706,-6.2111206,-9.617371,-8.429871,-7.6173706,-6.9298706,-5.7892456,-3.4767456,-3.0861206,-0.9767456,1.8357544,2.8670044,3.3201294,4.3982544,5.4295044,5.3513794,6.0388794,6.0857544,5.9763794,5.9138794,6.2420044,5.8670044,5.7576294,4.9138794,5.3201294,5.2107544,4.1013794,2.1482544,0.7107544,-1.4923706,-3.2736206,-3.8673706,-5.4142456,-6.4923706,-8.257996,-9.273621,-10.367371,-11.132996,-9.007996,-5.1798706,-2.7579956,-3.1173706,-4.0079956,-4.5236206
11.054504,10.570129,10.007629,9.570129,9.117004,8.101379,7.1326294,5.6795044,3.6951294,-0.2423706,-1.8986206,-3.5704956,-5.4142456,-6.8204956,-8.117371,-9.882996,-9.304871,-7.8048706,-7.0861206,-6.3829956,-5.1329956,-3.4298706,-2.0704956,1.9451294,5.3670044,5.8826294,7.0701294,7.6951294,7.7732544,6.9451294,7.0232544,6.9763794,6.9295044,6.8045044,6.7263794,7.1795044,6.9451294,6.6013794,5.6638794,4.5701294,4.2732544,3.9138794,2.4607544,0.1482544,-1.6173706,-3.8517456,-5.5236206,-6.1798706,-7.6017456,-8.101746,-8.445496,-8.398621,-7.6642456,-6.5392456,-4.6329956,-5.8204956,-3.3048706,-5.2423706
11.851379,11.132629,10.335754,8.882629,8.257629,7.0232544,6.0076294,3.3201294,1.9295044,-1.0392456,-2.1642456,-4.6486206,-7.3517456,-8.976746,-9.632996,-10.039246,-9.304871,-7.4767456,-5.9611206,-5.9611206,-3.8204956,-1.5236206,0.5701294,3.5076294,4.1482544,3.8826294,5.4295044,8.507629,9.257629,8.226379,7.8045044,7.8201294,7.6951294,7.6482544,7.2888794,7.4607544,7.2263794,6.9138794,6.9295044,5.9763794,4.7576294,4.2107544,3.4451294,2.0388794,-0.2736206,-2.1642456,-3.5392456,-4.6642456,-6.9767456,-7.7423706,-7.2892456,-6.8361206,-6.9454956,-6.8204956,-6.5704956,-6.1642456,-6.4767456,-7.7423706
12.179504,11.538879,10.101379,9.257629,7.4451294,6.9295044,5.2732544,2.4295044,0.070129395,-1.9298706,-3.6798706,-6.2579956,-8.632996,-9.945496,-10.601746,-10.789246,-8.711121,-5.8673706,-4.1642456,-3.8361206,-2.6486206,-0.6329956,1.3982544,2.5076294,3.2888794,1.9920044,2.1326294,7.3670044,9.304504,9.601379,8.804504,7.2107544,8.695129,7.2732544,7.9607544,8.695129,8.288879,7.9451294,7.3357544,6.8357544,5.7420044,4.3045044,3.4920044,2.7888794,1.4451294,-0.7111206,-2.3204956,-4.4923706,-4.7736206,-6.4454956,-6.6642456,-7.1954956,-7.3829956,-7.2111206,-7.3204956,-7.0392456,-6.8829956,-7.3517456
12.179504,11.367004,10.382629,9.335754,8.148254,7.0701294,4.8826294,1.4920044,-0.8204956,-2.8673706,-4.9142456,-6.8517456,-8.867371,-10.398621,-10.632996,-10.429871,-5.3673706,-4.4611206,-3.6329956,-3.2267456,-0.5861206,0.3357544,1.8357544,1.4295044,2.2107544,-0.1642456,0.4607544,5.9763794,9.085754,9.257629,8.867004,8.804504,7.5545044,8.773254,10.460754,9.804504,9.913879,8.476379,7.6638794,6.9138794,6.0701294,5.1638794,4.5388794,2.8513794,1.3826294,0.2888794,-1.4298706,-3.7579956,-5.1017456,-5.3204956,-5.7892456,-5.8517456,-7.1486206,-7.3673706,-7.9611206,-6.8673706,-7.6329956,-7.8986206
12.413879,11.132629,10.257629,8.898254,7.6013794,6.8982544,3.8826294,0.5545044,-1.3829956,-4.1173706,-5.6954956,-7.6954956,-8.929871,-9.898621,-9.445496,-8.648621,-5.1954956,-5.4142456,-3.1642456,-3.0704956,-1.3204956,0.3982544,1.9295044,-0.6329956,0.8826294,-1.8048706,-0.8673706,4.5232544,8.492004,9.663879,9.242004,8.992004,8.429504,7.9763794,8.960754,9.867004,9.617004,8.929504,8.351379,7.1795044,6.0545044,5.4920044,3.8357544,3.3826294,1.7263794,0.1482544,-1.4611206,-2.3673706,-2.5548706,-3.8204956,-5.9142456,-6.1017456,-6.7267456,-6.9767456,-6.6798706,-7.4454956,-8.148621,-8.804871
12.304504,11.226379,9.804504,8.710754,7.1951294,6.1951294,3.7888794,0.2263794,-2.5236206,-4.6954956,-6.3048706,-7.0392456,-8.195496,-9.179871,-8.757996,-7.4142456,-6.4298706,-6.1173706,-4.3673706,-2.4767456,-2.0548706,-0.8517456,0.2263794,-0.7736206,-0.1798706,0.3513794,1.3045044,2.9607544,8.820129,10.492004,9.867004,9.054504,7.7732544,8.945129,9.804504,9.867004,9.320129,8.242004,7.9138794,7.2107544,6.8826294,5.6795044,3.7107544,1.6482544,0.9451294,0.9920044,0.6170044,-0.6798706,-2.0861206,-4.3829956,-4.8829956,-5.8517456,-7.1173706,-7.7579956,-8.023621,-8.117371,-8.570496,-8.367371
12.554504,11.320129,8.804504,8.632629,7.3045044,6.2420044,3.0388794,-0.2736206,-2.8829956,-4.7111206,-6.5548706,-7.7423706,-8.632996,-8.789246,-8.945496,-9.148621,-7.5079956,-5.4923706,-6.4298706,-4.8204956,-3.6798706,-1.7892456,-1.2579956,0.4607544,2.6013794,0.2263794,-0.5861206,2.0232544,8.210754,10.382629,9.773254,9.117004,7.8670044,9.695129,9.773254,9.148254,7.9607544,7.7263794,7.3201294,6.3982544,6.0857544,4.8826294,3.4295044,1.5232544,3.0388794,2.9138794,2.8826294,0.9295044,-1.7579956,-3.2892456,-4.3986206,-5.4611206,-7.7111206,-8.226746,-7.7111206,-7.8673706,-7.8829956,-8.679871
11.679504,10.679504,9.054504,7.5701294,7.2107544,5.5388794,2.7888794,-0.2892456,-3.2267456,-5.3204956,-6.9142456,-8.554871,-9.695496,-11.007996,-11.601746,-9.539246,-8.320496,-8.320496,-6.9611206,-6.1642456,-4.9767456,-2.4923706,-1.8986206,0.7420044,1.9138794,2.4763794,2.0701294,1.3513794,7.4607544,10.085754,10.210754,9.507629,9.445129,8.992004,9.351379,8.382629,8.382629,7.6795044,7.4920044,6.8045044,5.3357544,3.7263794,2.1326294,1.9138794,3.6326294,5.2107544,4.0857544,2.3201294,0.7263794,-2.3204956,-5.0548706,-5.7892456,-6.8986206,-7.3829956,-7.9298706,-7.8517456,-8.179871,-8.961121
11.398254,9.898254,8.742004,7.3670044,6.8201294,4.6170044,2.0388794,-0.7423706,-3.4298706,-5.6486206,-7.8829956,-9.336121,-11.007996,-11.882996,-12.132996,-9.070496,-7.6642456,-7.4142456,-7.8204956,-7.1173706,-5.3673706,-2.5704956,2.3201294,3.2888794,3.9607544,3.6795044,4.3201294,4.0545044,5.9920044,10.523254,11.117004,10.257629,9.304504,9.335754,8.757629,8.476379,8.429504,7.7732544,7.4607544,7.0701294,6.5857544,5.7263794,5.6951294,5.3357544,5.3045044,4.4920044,3.3513794,2.0388794,0.3357544,-1.7111206,-4.2423706,-6.1329956,-6.1486206,-6.2423706,-8.211121,-8.445496,-9.039246,-10.148621
11.163879,10.351379,7.7732544,6.6638794,6.0857544,3.8357544,0.7732544,-1.6486206,-3.9923706,-5.6954956,-7.9298706,-9.929871,-11.179871,-11.929871,-11.726746,-9.945496,-8.679871,-8.492371,-8.445496,-6.9454956,-4.0392456,-0.6954956,3.1638794,5.0545044,7.6795044,7.8826294,5.7420044,5.2576294,4.2888794,10.492004,11.085754,10.335754,10.117004,8.710754,10.101379,8.773254,7.9920044,7.6951294,7.1795044,6.9763794,6.0857544,5.5857544,5.5076294,4.7576294,3.6013794,3.8045044,2.7107544,0.6795044,0.1638794,-2.8048706,-4.2111206,-5.2892456,-6.1486206,-6.7736206,-8.164246,-8.554871,-9.851746,-11.007996
10.242004,9.226379,7.3982544,6.3982544,4.4920044,2.7732544,0.3513794,-2.5861206,-4.7267456,-6.5236206,-7.8204956,-9.711121,-11.007996,-12.570496,-13.023621,-11.492371,-10.289246,-9.367371,-8.242371,-6.2111206,-4.2267456,-1.2736206,4.0701294,6.4295044,8.007629,7.6326294,8.085754,5.6951294,4.2263794,9.960754,11.335754,10.210754,9.710754,9.695129,9.835754,8.601379,8.288879,7.6638794,7.4138794,6.7107544,5.8670044,4.5701294,4.8201294,4.1638794,3.4920044,2.8045044,1.4138794,-0.5079956,-1.8361206,-2.8986206,-4.0079956,-4.9923706,-6.1173706,-7.0236206,-8.429871,-9.492371,-10.539246,-11.742371
8.788879,8.367004,7.3826294,5.7263794,3.6326294,2.0545044,-0.2111206,-2.5548706,-4.7423706,-6.8673706,-8.132996,-9.742371,-11.211121,-12.586121,-13.226746,-13.007996,-8.929871,-8.367371,-9.257996,-6.9767456,-5.8517456,-3.5861206,7.8513794,8.804504,8.163879,8.710754,8.023254,5.8670044,4.1951294,9.429504,11.070129,10.398254,9.038879,8.882629,8.570129,8.726379,8.117004,7.5545044,7.0076294,6.4138794,5.2732544,4.8201294,4.6482544,3.3982544,3.2107544,2.5232544,1.4920044,-0.7892456,-2.3673706,-3.3204956,-3.9142456,-4.6329956,-5.6173706,-6.8517456,-8.101746,-9.601746,-11.117371,-12.445496
8.320129,7.0388794,6.9920044,5.0857544,2.4763794,1.0388794,-0.6486206,-2.6329956,-4.6017456,-6.6954956,-8.242371,-9.539246,-10.773621,-11.429871,-12.273621,-11.898621,-9.757996,-8.195496,-7.1642456,-7.1329956,-4.1798706,-0.6954956,5.5232544,6.8982544,7.1795044,8.867004,7.6951294,5.3357544,3.8357544,6.5701294,11.507629,10.663879,9.335754,8.492004,8.882629,8.148254,7.6170044,6.8045044,6.4295044,5.5076294,4.8357544,4.0388794,3.6638794,3.5388794,2.1795044,1.3670044,0.054504395,-1.4454956,-2.7111206,-3.8361206,-4.7267456,-5.5548706,-6.6017456,-7.7267456,-8.773621,-10.007996,-11.226746,-12.132996
