frontend/src/assets/file/flow/uv10.json
{"header": {"discipline":0,"disciplineName":"Meteorological products","gribEdition":2,"gribLength":97936,"center":98,"centerName":"European Center for Medium-Range Weather Forecasts (RSMC)","subcenter":0,"refTime":"2019-04-26T12:00:00.000Z","significanceOfRT":1,"significanceOfRTName":"Start of forecast","productStatus":0,"productStatusName":"Operational products","productType":1,"productTypeName":"Forecast products","productDefinitionTemplate":0,"productDefinitionTemplateName":"Analysis/forecast at horizontal level/layer at a point in time","parameterCategory":2,"parameterCategoryName":"Momentum","parameterNumber":2,"parameterNumberName":"U-component_of_wind","parameterUnit":"m.s-1","genProcessType":0,"genProcessTypeName":"Analysis","forecastTime":24,"surface1Type":103,"surface1TypeName":"Specified height level above ground","surface1Value":10.0,"surface2Type":255,"surface2TypeName":"Missing","surface2Value":-9.999E-252,"gridDefinitionTemplate":0,"gridDefinitionTemplateName":"Latitude_Longitude","numberPoints":65160,"shape":6,"shapeName":"Earth spherical with radius of 6,371,229.0 m","gridUnits":"degrees","resolution":48,"winds":"true","scanMode":0,"nx":360,"ny":181,"basicAngle":0,"lo1":0.0,"la1":90.0,"lo2":359.0,"la2":-90.0,"dx":1.0,"dy":1.0}, "data":
[rows 52 to 77 of 181, columns 120 to 179 of 360]
-3.553835,-3.366335,-0.35070992,0.8992901,3.164915,3.46179,2.539915,1.4305401,1.4930401,-1.9757099,1.4930401,1.1492901,4.039915,3.008665,1.1024151,2.43054,1.9149151,2.68054,5.99304,6.80554,4.43054,-1.2725849,-1.8663349,-0.7882099,-0.7100849,-0.13195992,-0.5225849,-1.4132099,-2.022585,-5.03821,-4.335085,-5.366335,-7.75696,-6.22571,-4.38196,-2.210085,-0.42883492,0.8211651,1.8992901,3.52429,4.58679,5.789915,6.18054,6.24304,5.83679,7.68054,7.914915,7.883665,7.43054,6.89929,5.602415,2.321165,2.39929,2.49304,3.21179,1.8836651,0.16491508,2.977415,-1.9444599,1.5399151
-1.5225849,-1.0694599,-1.1007099,0.7274151,1.9930401,2.71179,3.99304,1.1180401,1.5711651,-0.022584915,1.5399151,1.6024151,2.289915,2.133665,1.6336651,1.8367901,1.1649151,1.0242901,3.64929,4.008665,-1.9913349,0.49304008,1.2430401,1.4305401,1.5242901,1.5867901,1.3836651,1.1805401,0.9149151,-1.5538349,-1.9600849,5.74304,3.071165,3.08679,3.21179,3.30554,4.289915,3.89929,3.43054,3.196165,3.89929,4.14929,5.071165,5.727415,6.477415,6.289915,4.83679,7.74304,6.758665,6.321165,4.196165,2.80554,2.24304,1.6805401,1.3055401,1.8680401,0.118040085,1.8055401,-0.9757099,0.9461651
-1.7882099,-3.272585,-3.13196,-2.678835,-1.4600849,0.7117901,0.35241508,0.24304008,0.8992901,-1.3350849,-0.7569599,-1.6475849,-0.19445992,0.7274151,1.3680401,2.508665,0.44616508,0.16491508,-0.053834915,3.352415,4.133665,3.71179,3.11804,4.821165,3.18054,2.571165,2.43054,2.43054,4.74304,6.414915,8.02429,7.52429,7.633665,5.77429,4.05554,3.883665,4.39929,4.55554,4.30554,4.58679,4.727415,5.24304,6.133665,5.289915,5.46179,5.83679,5.977415,6.477415,5.602415,5.05554,3.977415,2.227415,1.9774151,2.321165,-0.21008492,2.58679,1.0399151,1.4305401,1.0086651,0.21179008
-5.553835,-4.97571,-5.47571,-5.85071,-4.116335,-2.41321,0.14929008,-0.9288349,-0.5694599,-3.647585,-3.647585,-3.585085,-3.03821,0.5867901,2.05554,0.7742901,1.8055401,3.89929,1.6492901,0.5711651,0.8524151,1.5555401,2.86804,3.55554,3.133665,1.2899151,4.08679,4.383665,1.8992901,14.96179,9.27429,8.946165,8.102415,6.071165,5.946165,5.18054,4.196165,4.289915,4.071165,4.36804,4.55554,5.196165,6.11804,5.64929,5.946165,6.071165,6.93054,5.52429,4.74304,4.321165,3.24304,2.52429,0.9461651,1.5086651,0.14929008,0.8211651,-0.5694599,1.0242901,0.24304008,-0.21008492
-3.647585,-7.428835,-6.272585,-6.66321,-6.35071,-3.710085,-4.272585,-4.53821,-6.616335,-6.710085,-6.50696,-1.1475849,0.33679008,-1.6788349,0.49304008,1.0867901,0.47741508,7.008665,11.33679,0.8836651,-2.13196,0.7742901,1.6961651,1.9930401,1.8055401,1.5555401,2.758665,4.27429,13.446165,12.508665,10.86804,8.789915,7.33679,5.33679,5.83679,5.46179,4.83679,4.477415,4.58679,4.946165,4.383665,4.68054,5.289915,5.93054,5.758665,5.227415,6.21179,4.08679,2.852415,3.258665,1.5867901,1.4774151,1.0242901,1.1961651,1.6180401,0.9617901,-2.00696,0.039915085,1.7586651,0.8211651
-5.25696,-7.35071,-7.147585,-5.63196,-6.616335,-7.31946,-7.272585,-6.44446,-8.03821,-6.41321,-2.53821,-2.428835,1.5711651,2.30554,2.46179,2.164915,5.071165,3.02429,8.758665,0.8836651,-0.8194599,1.1336651,1.0242901,2.02429,3.96179,-2.22571,6.727415,13.102415,14.164915,11.21179,9.508665,9.352415,7.446165,6.18054,5.289915,4.33679,3.821165,3.727415,4.258665,4.196165,3.93054,3.86804,4.789915,4.49304,3.83679,4.24304,3.93054,2.86804,1.6805401,1.1180401,-0.13195992,0.008665085,-0.006959915,1.0242901,0.9149151,-0.30383492,-4.428835,-1.5069599,1.0086651,-0.6163349
-5.75696,-3.866335,-6.585085,-6.50696,-4.366335,-7.44446,-7.85071,-6.866335,-5.210085,-5.241335,-5.991335,0.5242901,-1.6788349,-0.7257099,-0.6007099,-0.7725849,3.664915,3.61804,6.89929,9.21179,11.383665,13.039915,13.289915,11.21179,17.508665,14.696165,14.321165,13.258665,11.55554,11.633665,10.24304,8.071165,5.852415,5.883665,4.43054,3.58679,3.46179,2.49304,2.86804,3.289915,3.21179,3.196165,3.477415,3.02429,3.071165,3.352415,2.02429,1.2274151,0.32116508,0.41491508,-0.5850849,-0.7413349,-0.6163349,-0.38195992,-0.9132099,-0.9913349,-2.10071,-2.88196,-0.9444599,-0.100709915
-5.31946,-4.66321,-5.960085,-5.69446,-5.116335,-6.88196,-8.428835,-6.72571,-4.97571,-4.647585,-4.710085,-6.210085,-4.366335,-2.00696,-1.1163349,-1.1475849,1.4617901,3.227415,4.64929,6.102415,8.93054,10.508665,11.39929,13.18054,14.49304,14.11804,13.14929,12.33679,10.43054,9.83679,9.508665,6.71179,6.14929,4.64929,4.071165,3.39929,1.8680401,1.9617901,2.24304,2.27429,1.9617901,2.02429,1.8992901,0.9617901,1.4149151,1.5711651,0.6961651,0.039915085,-1.1788349,-1.0225849,-1.0382099,-1.6475849,-1.8819599,-2.366335,-3.03821,-3.13196,-3.210085,-2.178835,-2.41321,-1.3038349
-0.8038349,-3.13196,-4.13196,-5.85071,-5.710085,-3.678835,-7.53821,-7.69446,-5.178835,-4.772585,-5.75696,-5.366335,-5.053835,-4.553835,-3.25696,-1.6319599,-0.5694599,1.8836651,3.633665,4.43054,5.789915,8.43054,9.821165,11.102415,11.664915,12.196165,11.664915,10.602415,8.96179,8.55554,6.289915,6.008665,4.383665,3.821165,3.24304,2.02429,1.4305401,1.2742901,1.1649151,0.8680401,0.6492901,0.9774151,0.35241508,-0.100709915,-0.022584915,0.071165085,-0.13195992,-0.33508492,-2.78821,-2.241335,-1.7882099,-1.3507099,-3.44446,-3.241335,-3.85071,-4.13196,-3.91321,-3.19446,-1.1007099,-2.60071
-2.06946,-2.25696,-4.88196,-5.66321,-6.335085,-5.60071,-3.85071,-6.928835,-6.366335,-5.50696,-7.31946,-7.10071,-6.022585,-4.94446,-4.10071,-2.85071,-1.7882099,0.8680401,3.696165,5.633665,6.352415,7.46179,8.08679,9.914915,10.36804,9.93054,9.58679,8.74304,8.36804,6.96179,5.39929,3.758665,2.99304,2.55554,1.4305401,0.8055401,0.27429008,-0.17883492,-0.5694599,-1.0850849,-1.1475849,-0.6632099,-0.8507099,-0.9757099,-1.4600849,-1.8819599,-1.7413349,-2.022585,-3.335085,-4.178835,-4.44446,-3.803835,-4.272585,-4.03821,-4.91321,-4.35071,-4.25696,-4.06946,-3.75696,-3.91321
-2.428835,-4.460085,-5.585085,-6.397585,-6.397585,-4.960085,-6.22571,-6.866335,-6.928835,-5.69446,-7.16321,-8.335085,-6.553835,-4.88196,-3.50696,-3.00696,-1.5538349,-0.31945992,1.3992901,3.52429,4.883665,5.977415,7.477415,8.571165,8.36804,7.77429,7.571165,7.83679,6.821165,5.289915,3.102415,2.664915,1.8055401,1.0867901,0.5711651,-0.17883492,-1.1319599,-1.6632099,-2.63196,-2.585085,-2.35071,-2.10071,-2.272585,-2.616335,-2.460085,-2.44446,-2.710085,-3.25696,-3.53821,-5.116335,-4.835085,-4.53821,-5.81946,-3.928835,-4.522585,-4.66321,-4.835085,-5.022585,-4.88196,-3.928835
-1.9600849,-5.178835,-7.06946,-6.06946,-6.085085,-5.88196,-5.91321,-7.38196,-6.178835,-6.335085,-6.10071,-6.63196,-6.147585,-6.085085,-4.241335,-2.960085,-1.8663349,-0.6475849,-0.9444599,1.8211651,4.24304,5.71179,6.414915,7.08679,6.36804,6.383665,6.571165,5.664915,4.05554,2.93054,2.11804,0.7742901,0.33679008,-0.31945992,1.2430401,-1.5382099,-2.44446,-2.803835,-3.53821,-2.94446,-3.897585,-3.991335,-3.69446,-3.06946,-3.147585,-3.66321,-3.991335,-4.28821,-2.991335,-4.991335,-3.81946,-4.585085,-5.053835,-4.63196,-5.88196,-5.72571,-5.991335,-5.241335,-5.616335,-5.022585
-3.803835,-6.741335,-7.56946,-7.147585,-7.178835,-8.022585,-6.991335,-7.47571,-8.13196,-5.553835,-5.772585,-5.960085,-6.10071,-5.647585,-4.25696,-3.272585,-1.9288349,-0.42883492,0.9305401,2.43054,3.071165,4.446165,4.55554,4.58679,6.64929,5.789915,5.602415,2.83679,2.133665,3.071165,0.19616508,-0.022584915,-0.6007099,0.008665085,0.33679008,-1.7725849,-2.522585,-2.69446,-3.585085,-4.022585,-4.88196,-4.78821,-4.41321,-4.491335,-3.553835,-3.63196,-5.522585,-5.03821,-4.22571,-5.897585,-4.647585,-5.56946,-5.53821,-6.63196,-5.41321,-6.210085,-6.397585,-6.28821,-5.35071,-5.41321
-3.31946,-7.928835,-6.28821,-8.66321,-8.553835,-9.022585,-7.272585,-6.647585,-7.085085,-7.085085,-5.428835,-5.88196,-5.69446,-5.366335,-4.366335,-3.303835,-2.03821,-0.9444599,-0.16320992,0.9774151,1.7430401,2.96179,5.039915,5.602415,2.946165,3.446165,3.52429,2.102415,2.49304,0.7586651,-0.6788349,-1.0694599,-0.24133492,-1.6475849,-2.35071,-3.25696,-3.428835,-3.13196,-4.00696,-4.60071,-6.00696,-5.678835,-5.991335,-5.428835,-6.10071,-6.69446,-6.85071,-6.741335,-6.28821,-6.428835,-5.72571,-5.585085,-5.053835,-6.41321,-6.210085,-6.13196,-6.72571,-6.272585,-5.94446,-4.366335
-3.22571,-0.9913349,-7.85071,-5.19446,-6.053835,-9.72571,-9.00696,-8.06946,-8.085085,-7.66321,-7.03821,-6.94446,-6.56946,-5.710085,-4.72571,-3.69446,-2.428835,-1.6007099,-0.6475849,-0.30383492,2.164915,3.383665,3.11804,2.11804,2.27429,2.18054,0.118040085,0.118040085,-0.5225849,-1.3975849,-1.8819599,-1.6007099,-1.4288349,-3.22571,-3.63196,-3.69446,-3.303835,-4.69446,-5.10071,-6.522585,-6.678835,-7.06946,-6.66321,-5.53821,-5.428835,-6.053835,-6.88196,-7.50696,-7.63196,-6.647585,-6.47571,-5.69446,-5.38196,-5.678835,-5.678835,-6.35071,-6.491335,-6.647585,-5.63196,-4.78821
-0.6788349,0.35241508,-3.178835,-1.8663349,-5.03821,-5.460085,-6.053835,-7.647585,-7.91321,-7.460085,-7.303835,-7.25696,-6.56946,-6.178835,-5.06946,-4.35071,-1.9757099,-1.3194599,-1.0225849,-0.038209915,-0.053834915,-0.116334915,-0.006959915,1.2274151,-0.6944599,-0.9288349,-1.8819599,-2.03821,-2.991335,-2.147585,-2.210085,-2.66321,-2.88196,-2.835085,-3.25696,-4.678835,-3.81946,-4.678835,-5.19446,-6.16321,-7.116335,-6.60071,-6.16321,-4.835085,-5.63196,-6.085085,-6.397585,-7.78821,-8.616335,-8.491335,-6.94446,-6.491335,-5.97571,-6.75696,-6.366335,-6.460085,-6.60071,-6.13196,-5.678835,-5.178835
-1.3038349,-8.38196,-0.44445992,-2.960085,-5.335085,-5.460085,-5.647585,-5.835085,-5.94446,-5.81946,-5.88196,-5.41321,-5.241335,-4.85071,-3.803835,-3.41321,-2.710085,-2.63196,-2.47571,-2.866335,-2.335085,-1.8038349,-2.053835,-2.28821,-2.56946,-2.897585,-2.772585,-3.210085,-2.10071,-3.38196,-3.741335,-3.710085,-3.991335,-2.710085,-3.772585,-4.44446,-4.553835,-4.835085,-4.97571,-6.022585,-6.022585,-6.647585,-5.897585,-5.960085,-5.85071,-5.81946,-6.72571,-8.022585,-8.803835,-8.616335,-8.47571,-7.460085,-7.272585,-7.272585,-7.91321,-7.94446,-7.72571,-6.897585,-6.53821,-6.616335
-9.366335,-5.585085,-5.13196,-4.960085,-5.147585,-4.56946,-5.272585,-6.56946,-6.522585,-6.38196,-6.272585,-6.147585,-5.741335,-5.53821,-5.00696,-4.60071,-4.47571,-4.366335,-4.553835,-4.272585,-2.866335,-3.522585,-3.53821,-3.366335,-3.85071,-4.19446,-3.897585,-3.56946,-3.647585,-3.88196,-5.03821,-5.241335,-4.13196,-4.428835,-5.116335,-5.35071,-5.241335,-5.553835,-6.16321,-6.03821,-5.91321,-6.772585,-6.97571,-6.91321,-6.66321,-7.085085,-7.897585,-8.22571,-7.56946,-7.91321,-7.97571,-7.63196,-7.522585,-7.428835,-7.50696,-7.335085,-7.35071,-6.710085,-6.19446,-6.022585
-9.72571,-9.56946,-7.585085,-4.94446,-4.75696,-5.022585,-5.78821,-6.97571,-6.85071,-6.85071,-7.06946,-6.81946,-6.50696,-6.25696,-5.91321,-5.522585,-5.47571,-5.63196,-5.178835,-5.053835,-5.19446,-4.31946,-4.397585,-4.647585,-5.06946,-4.741335,-5.28821,-4.72571,-4.28821,-4.522585,-5.38196,-5.13196,-5.60071,-5.116335,-5.50696,-6.647585,-5.78821,-6.272585,-6.22571,-6.741335,-7.16321,-7.710085,-7.553835,-7.585085,-7.866335,-7.522585,-8.553835,-8.866335,-8.72571,-8.522585,-8.928835,-8.31946,-8.647585,-8.19446,-8.16321,-7.94446,-7.741335,-7.428835,-7.022585,-6.960085
-10.303835,-10.803835,-8.335085,-6.085085,-5.116335,-5.78821,-7.31946,-7.41321,-7.835085,-7.241335,-7.47571,-7.47571,-7.10071,-6.78821,-6.78821,-6.053835,-5.772585,-6.210085,-5.772585,-4.928835,-5.553835,-5.22571,-4.647585,-4.803835,-5.741335,-5.522585,-4.60071,-4.897585,-4.81946,-5.147585,-5.97571,-6.03821,-4.06946,-5.81946,-6.41321,-6.772585,-6.772585,-6.69446,-7.116335,-7.28821,-7.428835,-7.460085,-7.803835,-8.366335,-8.00696,-9.085085,-8.75696,-8.835085,-8.94446,-8.960085,-7.88196,-8.10071,-8.56946,-8.50696,-8.66321,-8.616335,-8.41321,-8.428835,-7.94446,-7.585085
-1.3038349,-1.8038349,-6.00696,-4.85071,-5.63196,-6.928835,-6.88196,-6.991335,-5.81946,-7.03821,-6.835085,-7.50696,-7.022585,-7.10071,-6.741335,-6.647585,-6.47571,-6.38196,-5.69446,-5.60071,-5.803835,-5.116335,-5.25696,-5.41321,-5.28821,-5.81946,-5.585085,-5.94446,-5.241335,-6.053835,-5.72571,-5.41321,-5.085085,-6.25696,-7.335085,-7.335085,-7.35071,-7.41321,-7.66321,-7.50696,-7.81946,-7.75696,-8.47571,-8.460085,-8.10071,-8.88196,-9.022585,-9.303835,-9.397585,-9.210085,-8.803835,-8.28821,-8.81946,-8.866335,-8.88196,-8.991335,-8.97571,-8.616335,-8.16321,-7.69446
2.58679,-1.4132099,-4.28821,-4.31946,-6.50696,-6.28821,-7.19446,-6.47571,-6.94446,-7.44446,-6.897585,-6.147585,-6.866335,-7.10071,-6.678835,-6.272585,-6.397585,-6.38196,-6.616335,-6.335085,-6.241335,-6.44446,-6.085085,-5.491335,-5.928835,-6.147585,-6.303835,-6.053835,-6.22571,-6.210085,-6.63196,-4.678835,-5.928835,-6.272585,-6.72571,-7.16321,-7.28821,-7.928835,-7.81946,-7.991335,-7.803835,-7.97571,-8.53821,-8.94446,-8.835085,-8.897585,-9.366335,-9.897585,-8.928835,-8.19446,-9.366335,-9.22571,-8.772585,-9.053835,-9.66321,-9.38196,-9.10071,-8.710085,-9.16321,-8.60071
-0.5694599,-1.0069599,-4.678835,-5.335085,-6.50696,-6.94446,-7.678835,-8.03821,-7.88196,-7.38196,-7.460085,-7.38196,-6.38196,-7.303835,-6.53821,-6.710085,-6.960085,-6.66321,-7.06946,-6.835085,-7.10071,-6.866335,-6.13196,-6.553835,-6.553835,-6.147585,-6.88196,-6.63196,-6.75696,-6.522585,-6.241335,-5.960085,-6.272585,-7.00696,-6.960085,-7.241335,-7.66321,-7.97571,-8.178835,-8.053835,-7.69446,-8.60071,-8.616335,-8.335085,-8.41321,-8.56946,-8.41321,-8.366335,-7.960085,-8.60071,-9.75696,-9.28821,-8.72571,-8.741335,-9.241335,-9.335085,-9.25696,-9.585085,-8.585085,-7.91321
-0.33508492,-6.991335,-3.03821,-6.66321,-7.022585,-7.022585,-8.19446,-8.72571,-7.585085,-7.41321,-7.85071,-7.928835,-7.00696,-7.085085,-6.272585,-7.31946,-7.10071,-7.03821,-6.960085,-7.38196,-7.241335,-6.803835,-6.16321,-6.03821,-6.19446,-6.335085,-6.28821,-6.272585,-6.428835,-6.460085,-6.47571,-7.06946,-6.81946,-7.085085,-7.335085,-7.63196,-7.866335,-7.960085,-8.147585,-8.335085,-8.303835,-8.522585,-8.866335,-8.491335,-7.928835,-8.272585,-8.303835,-8.053835,-8.585085,-8.772585,-9.31946,-8.94446,-8.741335,-8.41321,-8.241335,-7.928835,-8.35071,-7.553835,-7.85071,-7.460085
-8.44446,-3.803835,-4.741335,-2.741335,-5.60071,-6.585085,-7.866335,-8.72571,-8.366335,-7.397585,-7.50696,-7.303835,-7.97571,-6.78821,-6.460085,-7.28821,-7.56946,-7.178835,-7.741335,-7.91321,-7.63196,-7.35071,-7.03821,-7.241335,-7.31946,-6.741335,-6.710085,-6.397585,-6.741335,-6.553835,-7.00696,-6.81946,-6.72571,-7.647585,-7.522585,-8.13196,-7.88196,-7.94446,-8.22571,-8.460085,-8.585085,-8.47571,-8.616335,-8.85071,-8.710085,-8.460085,-8.397585,-7.960085,-8.710085,-9.491335,-9.03821,-8.835085,-9.28821,-8.53821,-8.710085,-8.56946,-8.147585,-8.47571,-7.522585,-8.10071
1.2117901,-2.88196,1.2899151,-5.803835,-2.19446,-6.147585,-7.678835,-7.710085,-7.88196,-7.66321,-7.491335,-7.31946,-7.56946,-6.94446,-7.085085,-7.25696,-7.428835,-7.91321,-8.303835,-7.56946,-7.428835,-7.22571,-6.491335,-7.16321,-7.710085,-7.25696,-6.91321,-6.960085,-6.897585,-7.31946,-7.741335,-6.960085,-7.47571,-7.678835,-7.60071,-7.741335,-8.053835,-8.022585,-8.553835,-8.78821,-8.22571,-8.241335,-7.91321,-8.50696,-8.69446,-8.428835,-8.13196,-8.397585,-8.803835,-9.303835,-9.50696,-9.10071,-8.741335,-8.710085,-8.41321,-8.38196,-8.06946,-7.88196,-8.44446,-8.25696
