frontend/src/assets/file/flow/uv10.json
{"header": {"discipline":0,"disciplineName":"Meteorological products","gribEdition":2,"gribLength":97936,"center":98,"centerName":"European Center for Medium-Range Weather Forecasts (RSMC)","subcenter":0,"refTime":"2019-04-26T12:00:00.000Z","significanceOfRT":1,"significanceOfRTName":"Start of forecast","productStatus":0,"productStatusName":"Operational products","productType":1,"productTypeName":"Forecast products","productDefinitionTemplate":0,"productDefinitionTemplateName":"Analysis/forecast at horizontal level/layer at a point in time","parameterCategory":2,"parameterCategoryName":"Momentum","parameterNumber":2,"parameterNumberName":"U-component_of_wind","parameterUnit":"m.s-1","genProcessType":0,"genProcessTypeName":"Analysis","forecastTime":24,"surface1Type":103,"surface1TypeName":"Specified height level above ground","surface1Value":10.0,"surface2Type":255,"surface2TypeName":"Missing","surface2Value":-9.999E-252,"gridDefinitionTemplate":0,"gridDefinitionTemplateName":"Latitude_Longitude","numberPoints":65160,"shape":6,"shapeName":"Earth spherical with radius of 6,371,229.0 m","gridUnits":"degrees","resolution":48,"winds":"true","scanMode":0,"nx":360,"ny":181,"basicAngle":0,"lo1":0.0,"la1":90.0,"lo2":359.0,"la2":-90.0,"dx":1.0,"dy":1.0}, "data":
[rows 130 to 155 of 181, columns 0 to 59 of 360]
7.77429,7.49304,5.602415,7.258665,6.80554,6.071165,5.02429,2.821165,0.18054008,-0.21008492,0.039915085,0.9617901,0.5711651,-2.210085,-3.303835,-2.866335,-0.46008492,0.7586651,-0.16320992,3.68054,2.633665,2.14929,1.0242901,1.2586651,2.30554,3.71179,4.74304,4.02429,3.46179,4.33679,3.61804,3.414915,-1.5225849,1.9617901,1.5555401,1.5086651,0.5867901,0.5242901,0.41491508,0.30554008,-0.41320992,-0.6163349,-1.2725849,-2.178835,0.6336651,2.477415,3.77429,1.1649151,2.68054,2.508665,2.321165,2.602415,2.30554,2.883665,2.383665,2.27429,0.7742901,-0.7882099,1.0086651,0.5711651
8.58679,7.383665,7.789915,6.02429,6.383665,6.80554,4.883665,3.11804,-0.13195992,-0.8663349,-1.3507099,-2.63196,-2.553835,-2.741335,-0.7725849,0.7742901,1.1805401,0.8367901,0.36804008,-0.100709915,-0.16320992,1.6805401,3.539915,6.133665,6.414915,5.39929,3.883665,4.039915,5.352415,5.30554,5.696165,6.18054,5.727415,5.24304,4.55554,3.68054,2.96179,2.664915,3.46179,3.24304,2.352415,0.5711651,0.44616508,-0.006959915,-1.4444599,-2.25696,3.05554,4.758665,4.36804,2.946165,2.914915,1.5086651,2.008665,2.602415,3.289915,2.977415,2.071165,3.55554,3.46179,3.539915
9.227415,9.414915,7.321165,7.05554,6.83679,6.602415,3.68054,0.071165085,-4.35071,-3.28821,-1.8663349,-3.25696,-2.78821,-1.7100849,1.1336651,2.477415,3.852415,-0.39758492,2.071165,3.477415,0.9149151,2.30554,4.883665,6.08679,6.36804,4.61804,5.14929,2.883665,4.227415,5.74304,6.36804,6.914915,3.96179,7.414915,7.68054,7.321165,7.008665,6.696165,6.55554,6.80554,6.102415,4.852415,3.539915,2.352415,1.4617901,0.30554008,-1.3038349,1.9149151,4.508665,5.008665,3.446165,3.49304,4.227415,4.52429,3.727415,3.039915,3.414915,3.571165,4.258665,5.508665
9.414915,7.414915,4.99304,4.89929,5.008665,3.258665,-2.960085,-6.28821,-8.085085,-4.88196,-3.335085,-3.00696,-3.22571,-1.8194599,-0.46008492,-1.0382099,-0.5069599,0.6805401,3.52429,4.133665,5.477415,5.383665,5.52429,5.571165,5.24304,6.77429,7.227415,5.071165,5.383665,8.33679,7.89929,6.77429,8.49304,8.68054,7.946165,9.18054,8.86804,8.539915,8.33679,8.664915,8.11804,7.821165,6.446165,5.789915,4.89929,3.508665,1.5555401,0.36804008,-1.1788349,4.46179,4.946165,4.664915,4.383665,3.21179,3.883665,3.883665,2.86804,4.36804,3.83679,5.289915
10.24304,6.914915,5.24304,2.227415,-2.88196,-7.522585,-10.085085,-7.960085,-7.366335,-4.897585,-4.053835,-2.56946,-2.397585,-1.7413349,1.0867901,1.6805401,1.4617901,4.30554,4.821165,3.446165,3.61804,4.89929,4.55554,5.602415,7.071165,8.289915,9.52429,7.64929,7.883665,9.352415,10.446165,10.039915,10.08679,8.852415,8.008665,9.227415,8.446165,8.99304,9.86804,9.83679,9.352415,10.43054,8.14929,8.83679,8.008665,7.11804,5.508665,3.664915,1.2274151,-0.49133492,0.24304008,3.61804,6.008665,5.64929,5.36804,4.914915,5.539915,5.789915,5.64929,7.68054
8.977415,2.14929,-3.97571,-7.69446,-9.50696,-9.25696,-8.75696,-7.41321,-5.553835,-3.647585,-3.66321,-3.19446,-1.5850849,0.33679008,0.7586651,0.6492901,2.86804,2.758665,2.96179,2.61804,3.758665,5.102415,5.821165,6.664915,7.414915,7.58679,7.96179,9.18054,10.43054,11.14929,11.321165,11.539915,10.83679,10.46179,10.727415,10.55554,10.571165,9.539915,9.99304,11.39929,10.99304,10.477415,10.08679,9.30554,9.727415,9.352415,8.977415,6.55554,4.633665,3.24304,0.7586651,-0.17883492,0.9930401,3.55554,6.30554,7.36804,7.61804,7.883665,8.11804,8.321165
-10.741335,-10.460085,-9.94446,-10.22571,-9.710085,-8.835085,-7.553835,-5.741335,-4.81946,-3.397585,-2.053835,-0.7725849,-1.0538349,-1.6007099,-0.27258492,1.5711651,0.9930401,-0.5538349,0.9461651,2.727415,4.164915,5.602415,6.99304,8.102415,7.64929,7.696165,9.383665,9.71179,10.21179,10.602415,10.58679,11.18054,11.24304,10.196165,10.27429,11.93054,11.633665,11.80554,11.727415,11.36804,10.696165,11.68054,13.83679,11.36804,10.008665,10.446165,9.52429,8.164915,8.02429,6.258665,4.52429,2.852415,2.86804,1.6805401,2.696165,4.68054,6.227415,8.27429,9.93054,9.61804
-10.60071,-10.38196,-11.03821,-10.022585,-9.28821,-7.553835,-6.53821,-5.41321,-3.710085,-3.116335,-3.022585,-2.31946,-2.56946,-2.803835,-2.116335,-0.085084915,1.7117901,0.8055401,2.227415,4.08679,5.602415,7.258665,8.55554,9.58679,10.05554,10.33679,10.86804,11.008665,10.071165,10.414915,11.96179,11.96179,12.727415,13.539915,13.883665,14.196165,14.477415,13.08679,13.39929,13.43054,12.227415,12.33679,11.64929,13.11804,12.633665,11.61804,11.52429,9.883665,9.21179,8.414915,8.008665,7.24304,4.852415,5.164915,4.68054,5.27429,6.071165,6.977415,8.571165,9.664915
-10.35071,-9.72571,-8.741335,-8.053835,-7.81946,-7.085085,-6.085085,-4.72571,-3.88196,-3.960085,-4.710085,-4.991335,-4.147585,-3.053835,-1.0382099,1.1024151,2.571165,3.821165,5.602415,6.80554,7.446165,7.946165,9.133665,9.164915,10.446165,10.80554,11.68054,12.477415,12.93054,13.52429,13.96179,14.289915,14.477415,14.99304,14.46179,15.414915,15.352415,14.789915,15.071165,14.89929,14.789915,14.633665,14.258665,14.08679,13.33679,14.227415,12.49304,11.977415,11.477415,10.14929,9.289915,8.68054,8.11804,8.258665,7.508665,7.633665,7.258665,7.11804,7.55554,8.477415
-9.31946,-9.16321,-8.241335,-7.991335,-7.81946,-7.31946,-6.397585,-6.00696,-5.428835,-5.47571,-4.75696,-3.97571,-1.9132099,0.38366508,2.414915,3.77429,5.49304,6.508665,7.258665,7.77429,9.352415,8.80554,9.86804,10.664915,11.602415,11.89929,12.758665,13.77429,14.008665,14.14929,15.352415,15.55554,15.852415,16.33679,16.39929,16.571165,16.93054,16.727415,17.52429,17.30554,15.883665,16.602415,16.80554,16.02429,14.86804,15.446165,15.05554,13.93054,12.68054,12.27429,11.821165,11.14929,9.883665,9.602415,8.96179,9.89929,9.24304,8.89929,8.102415,8.883665
-9.13196,-8.72571,-8.366335,-8.147585,-7.91321,-7.491335,-6.835085,-5.97571,-5.13196,-4.616335,-2.678835,-0.116334915,2.05554,2.86804,4.68054,6.68054,7.383665,8.289915,8.83679,9.664915,9.68054,10.477415,11.977415,13.383665,13.43054,12.99304,14.14929,14.821165,14.883665,15.664915,17.39929,17.33679,16.18054,16.33679,17.27429,17.383665,17.14929,17.883665,19.008665,16.946165,18.133665,18.83679,16.539915,18.64929,16.99304,15.96179,15.96179,14.33679,17.571165,13.11804,12.758665,11.352415,11.68054,11.27429,11.52429,10.977415,10.977415,10.80554,9.789915,10.133665
-9.460085,-8.94446,-8.647585,-8.272585,-8.178835,-7.428835,-6.03821,-5.38196,-3.13196,-0.49133492,1.8211651,3.21179,4.58679,4.71179,4.852415,5.21179,7.477415,9.071165,9.24304,10.02429,11.49304,12.89929,12.946165,13.196165,14.477415,14.321165,14.33679,14.383665,14.52429,15.83679,16.039915,16.24304,16.30554,16.102415,15.74304,16.196165,17.14929,16.99304,17.18054,17.80554,17.74304,18.11804,18.68054,18.36804,18.14929,17.68054,16.86804,17.008665,14.227415,12.80554,12.36804,12.14929,12.43054,12.58679,12.02429,12.133665,12.164915,11.43054,11.477415,9.02429
-10.335085,-9.741335,-9.366335,-8.44446,-7.35071,-6.210085,-3.928835,-1.2257099,-0.5225849,2.99304,4.883665,5.30554,3.08679,4.508665,6.071165,8.227415,9.508665,11.02429,11.74304,12.383665,12.74304,12.852415,12.61804,11.383665,12.539915,14.258665,14.696165,14.52429,14.89929,15.33679,15.196165,15.02429,14.93054,14.914915,13.914915,15.008665,15.39929,15.758665,16.21179,17.352415,17.446165,16.914915,16.64929,17.227415,16.33679,17.539915,17.43054,17.883665,16.71179,15.58679,14.758665,14.24304,13.883665,14.58679,13.602415,13.258665,13.74304,12.727415,12.852415,11.93054
-10.75696,-10.13196,-8.47571,-7.63196,-6.460085,-4.41321,-2.28821,-1.7413349,0.28991508,2.49304,3.93054,5.102415,7.008665,7.83679,8.71179,9.446165,10.46179,11.52429,12.477415,13.02429,12.27429,11.89929,12.36804,13.383665,14.196165,13.758665,13.446165,12.508665,13.05554,13.58679,13.30554,13.383665,13.93054,14.196165,13.852415,14.74304,14.789915,16.102415,16.727415,16.77429,16.164915,16.852415,17.414915,16.977415,17.477415,16.883665,17.696165,17.102415,15.30554,15.80554,16.80554,16.008665,15.11804,15.977415,15.852415,15.164915,14.508665,14.77429,14.039915,12.96179
-10.553835,-9.147585,-7.25696,-5.710085,-3.75696,-0.7257099,1.0711651,2.11804,4.36804,5.21179,6.52429,5.977415,7.352415,7.46179,8.633665,9.39929,10.602415,11.58679,11.58679,11.977415,11.227415,12.52429,12.258665,12.696165,13.414915,12.696165,13.08679,13.196165,13.99304,12.977415,13.77429,13.602415,14.477415,14.383665,14.914915,15.43054,15.77429,15.49304,15.789915,17.071165,17.64929,17.508665,17.49304,16.83679,16.52429,18.758665,18.789915,18.27429,16.821165,17.46179,15.008665,14.36804,15.96179,16.664915,15.102415,12.71179,13.39929,14.477415,13.58679,14.36804
-9.28821,-7.335085,-5.91321,-4.397585,-2.835085,-1.9288349,0.039915085,0.6492901,1.7586651,3.883665,4.58679,6.74304,9.68054,10.11804,9.52429,8.446165,9.93054,10.46179,11.133665,11.61804,11.789915,12.977415,12.821165,13.539915,13.68054,13.571165,14.61804,14.977415,13.633665,13.071165,13.508665,13.289915,13.914915,15.008665,14.258665,14.883665,15.83679,16.93054,16.43054,16.89929,17.508665,17.86804,17.80554,17.071165,17.49304,17.21179,17.852415,17.571165,17.883665,15.477415,15.727415,16.74304,15.946165,14.571165,12.89929,14.008665,12.414915,14.52429,11.27429,13.664915
-6.56946,-4.585085,-3.19446,-2.553835,-1.4600849,-0.116334915,1.3992901,3.64929,4.64929,6.61804,6.05554,7.89929,9.21179,9.914915,9.02429,10.58679,10.758665,11.80554,12.102415,11.74304,13.102415,12.39929,12.93054,13.196165,12.96179,13.852415,14.008665,14.664915,14.27429,14.71179,13.27429,14.33679,13.99304,14.33679,14.633665,15.99304,15.696165,16.58679,17.102415,17.24304,15.477415,15.86804,16.633665,17.33679,17.55554,18.08679,16.64929,16.86804,16.321165,15.36804,15.05554,14.539915,13.883665,13.80554,14.071165,11.008665,12.977415,11.83679,12.08679,11.852415
-4.616335,-3.16321,-0.13195992,0.8211651,2.14929,2.633665,4.11804,4.99304,6.46179,7.55554,8.39929,9.43054,9.71179,10.289915,9.321165,10.664915,11.55554,11.52429,12.446165,12.24304,13.102415,13.33679,13.64929,14.11804,14.02429,13.977415,14.93054,13.64929,12.477415,13.99304,13.24304,14.39929,15.14929,14.68054,14.571165,14.602415,15.33679,15.289915,12.71179,13.64929,14.30554,14.696165,12.33679,12.49304,13.80554,14.321165,15.33679,13.852415,14.571165,15.74304,14.477415,13.071165,13.05554,13.93054,11.664915,10.86804,11.77429,10.789915,11.696165,9.83679
-0.5850849,1.4930401,1.4617901,2.477415,2.71179,3.821165,4.64929,5.61804,6.14929,7.321165,7.539915,8.52429,8.664915,8.43054,10.02429,10.99304,11.758665,11.77429,12.664915,12.883665,13.52429,13.446165,14.46179,14.46179,14.821165,14.83679,15.321165,14.071165,14.289915,13.93054,14.258665,15.21179,14.508665,14.321165,14.58679,14.571165,12.71179,12.11804,12.571165,13.289915,8.883665,8.11804,9.05554,11.008665,12.946165,12.14929,9.52429,8.77429,7.821165,8.05554,9.414915,9.33679,10.49304,9.414915,8.05554,8.68054,7.83679,7.64929,7.352415,9.36804
-0.35070992,0.44616508,2.30554,3.24304,4.21179,4.977415,5.39929,6.30554,6.571165,6.96179,7.414915,8.289915,8.99304,9.508665,10.039915,10.664915,11.383665,12.36804,12.93054,13.227415,13.789915,13.914915,14.289915,14.352415,14.43054,14.55554,14.24304,13.74304,13.633665,14.039915,14.071165,14.789915,14.71179,14.24304,13.93054,11.696165,9.86804,9.77429,8.46179,5.24304,5.71179,6.02429,6.74304,6.27429,6.633665,5.24304,4.852415,5.289915,6.14929,7.258665,6.21179,7.55554,6.321165,4.727415,5.58679,3.039915,4.758665,2.96179,4.71179,6.43054
2.36804,2.414915,1.5242901,3.446165,4.39929,5.508665,5.602415,6.08679,6.68054,7.196165,7.71179,8.321165,8.821165,9.80554,9.24304,10.789915,11.414915,11.914915,12.821165,11.49304,12.36804,12.89929,13.414915,14.36804,13.758665,12.789915,13.24304,13.383665,13.49304,14.539915,14.27429,13.102415,13.789915,13.14929,7.977415,7.14929,6.633665,4.77429,2.83679,2.602415,2.758665,2.33679,2.08679,0.9305401,0.071165085,0.5711651,1.5086651,2.664915,4.14929,1.9149151,-1.1632099,-0.7569599,-1.5538349,-2.25696,-1.7569599,-0.16320992,1.3055401,2.58679,2.71179,3.83679
3.852415,3.946165,3.571165,4.46179,5.14929,5.571165,6.039915,6.696165,6.883665,7.14929,7.789915,8.133665,7.33679,8.758665,9.89929,9.727415,9.58679,9.27429,9.352415,9.289915,10.664915,11.289915,11.789915,12.30554,11.74304,11.64929,12.18054,11.96179,11.696165,12.30554,13.102415,12.664915,9.77429,2.664915,2.86804,5.039915,2.133665,1.5867901,0.44616508,0.44616508,-0.085084915,-0.7257099,-1.5225849,-2.616335,-4.085085,-5.53821,-6.585085,-6.85071,-6.35071,-5.928835,-4.960085,-5.553835,-4.991335,-6.31946,-4.00696,-2.335085,-1.6944599,-0.085084915,1.5242901,3.05554
3.21179,4.102415,5.18054,5.52429,5.93054,6.352415,6.696165,6.758665,6.83679,7.14929,7.664915,5.508665,8.227415,8.071165,7.977415,8.164915,9.008665,9.164915,9.39929,10.11804,9.99304,9.80554,8.55554,7.977415,8.446165,8.11804,8.758665,9.352415,6.05554,5.008665,3.727415,2.352415,1.2117901,-0.28820992,0.30554008,-0.8975849,-1.2569599,-0.25695992,-0.6944599,-1.0382099,-1.6944599,-2.553835,-2.741335,-3.210085,-4.022585,-5.272585,-6.710085,-7.50696,-8.272585,-7.85071,-7.803835,-7.428835,-6.303835,-5.085085,-3.35071,-1.8819599,-0.5069599,1.0555401,2.11804,2.258665
6.414915,4.43054,5.14929,5.414915,6.08679,6.83679,6.946165,6.946165,6.727415,7.227415,5.11804,6.80554,6.02429,7.071165,7.071165,6.383665,7.68054,7.96179,8.321165,7.664915,8.227415,6.133665,0.5399151,-3.44446,-4.491335,-2.94446,-1.1007099,-0.33508492,0.7430401,1.9305401,2.05554,0.25866508,0.6024151,-0.7569599,0.6961651,-1.8350849,-1.7413349,-0.42883492,0.8992901,0.5399151,-0.19445992,-0.27258492,-0.5069599,-2.866335,-2.69446,-2.38196,-4.272585,-6.428835,-7.178835,-7.50696,-7.710085,-7.31946,-6.303835,-4.866335,-3.72571,-2.772585,-2.053835,-1.1475849,-0.42883492,1.1961651
6.102415,8.102415,8.008665,7.80554,6.477415,6.77429,6.946165,6.821165,6.758665,7.352415,4.133665,6.383665,6.383665,6.758665,6.14929,6.18054,5.539915,6.39929,5.133665,6.321165,-4.13196,-5.553835,-5.053835,-5.147585,-3.741335,-3.085085,-3.19446,-2.022585,-1.5069599,-1.5538349,-3.50696,-5.366335,-4.06946,-4.19446,0.27429008,-0.22570992,-5.94446,-8.28821,-9.16321,-10.16321,-11.44446,-12.06946,-12.66321,-13.710085,-15.085085,-17.210085,-19.22571,-17.960085,-18.585085,-17.47571,-16.81946,-17.50696,-17.35071,-16.553835,-15.772585,-13.94446,-13.41321,-13.147585,-13.178835,-11.741335
8.08679,9.321165,8.46179,5.477415,7.39929,7.008665,6.83679,6.789915,6.93054,7.11804,3.71179,5.02429,5.696165,5.49304,4.321165,5.727415,5.039915,7.52429,5.946165,-5.428835,-6.75696,-6.60071,-4.210085,-5.25696,-4.28821,-3.585085,-4.03821,-4.03821,-6.35071,-8.522585,-9.35071,-10.647585,-11.366335,-11.522585,-12.35071,-12.678835,-12.960085,-12.56946,-12.35071,-13.56946,-13.335085,-14.13196,-14.428835,-14.66321,-14.28821,-14.772585,-17.13196,-18.335085,-19.085085,-19.97571,-20.88196,-21.803835,-22.491335,-21.366335,-19.460085,-16.522585,-14.491335,-11.38196,-9.78821,-8.06946
